1.70E+01
1.70E+01
1.70E+01
1.70E+01
1.70E+01
1.70E+01
1.70E+01
1.70E+01
1.70E+01
1.70E+01
1.70E+01
1.70E+01
1.70E+01
1.70E+01
1.70E+01
1.70E+01
1.70E+01
1.70E+01
1.70E+01
1.70E+01
1.70E+01
1.70E+01
1.70E+01
1.70E+01
1.73E+01
1.76E+01
1.79E+01
1.81E+01
1.84E+01
1.87E+01
1.90E+01
1.93E+01
1.96E+01
1.98E+01
2.01E+01
2.04E+01
2.07E+01
2.10E+01
2.13E+01
2.15E+01
2.18E+01
2.21E+01
2.24E+01
2.27E+01
2.30E+01
2.32E+01
2.35E+01
2.38E+01
2.36E+01
2.33E+01
2.30E+01
2.28E+01
2.25E+01
2.23E+01
2.20E+01
2.18E+01
2.15E+01
2.13E+01
2.10E+01
2.08E+01
2.05E+01
2.03E+01
2.00E+01
1.98E+01
1.95E+01
1.93E+01
1.90E+01
1.88E+01
1.85E+01
1.83E+01
1.80E+01
1.78E+01
1.75E+01
1.73E+01
1.70E+01
1.68E+01
1.65E+01
1.62E+01
1.60E+01
1.57E+01
1.55E+01
1.52E+01
1.50E+01
1.47E+01
1.45E+01
1.42E+01
1.39E+01
1.37E+01
1.34E+01
1.31E+01
1.29E+01
1.26E+01
1.23E+01
1.21E+01
1.18E+01
1.15E+01
1.13E+01
1.10E+01
1.07E+01
1.04E+01
1.02E+01
9.91E+00
9.64E+00
9.37E+00
9.10E+00
8.84E+00
8.57E+00
8.30E+00
8.30E+00
8.30E+00
8.30E+00
8.30E+00
8.30E+00
8.30E+00
8.30E+00
8.30E+00
8.30E+00
8.30E+00
8.30E+00
8.30E+00
8.30E+00
8.30E+00
8.30E+00
8.30E+00
8.30E+00
8.30E+00
8.30E+00
8.30E+00
8.30E+00
8.30E+00
8.30E+00
8.30E+00
8.30E+00
8.30E+00
8.30E+00
8.30E+00
8.30E+00
8.30E+00
8.30E+00
8.30E+00
8.30E+00
8.30E+00
8.30E+00
8.30E+00
8.30E+00
8.30E+00
8.30E+00
8.30E+00
8.30E+00
8.30E+00
8.30E+00
8.30E+00
8.30E+00
8.30E+00
8.30E+00
8.30E+00
8.30E+00
8.30E+00
8.30E+00
8.30E+00
8.30E+00
8.30E+00
8.30E+00
8.30E+00
8.30E+00
8.30E+00
8.30E+00
8.30E+00
8.30E+00
8.30E+00
8.30E+00
8.30E+00
8.30E+00
8.30E+00
8.30E+00
8.30E+00
8.30E+00
8.30E+00
8.30E+00
8.30E+00
8.30E+00
8.30E+00
8.30E+00
8.30E+00
8.30E+00
8.30E+00
8.30E+00
8.30E+00
8.30E+00
8.30E+00
8.30E+00
8.30E+00
8.30E+00
8.30E+00
8.30E+00
8.30E+00
8.30E+00
8.30E+00
8.30E+00
8.30E+00
8.30E+00
8.30E+00
8.30E+00
8.30E+00
8.30E+00
8.30E+00
8.30E+00
8.30E+00
8.30E+00
8.30E+00
8.30E+00
8.30E+00
8.30E+00
8.30E+00
8.30E+00
8.30E+00
8.30E+00
8.30E+00
8.30E+00
8.30E+00
8.30E+00
8.30E+00
8.30E+00
8.30E+00
8.30E+00
8.30E+00
8.30E+00
8.30E+00
8.30E+00
8.30E+00
8.30E+00
8.30E+00
8.30E+00
8.30E+00
8.30E+00
8.30E+00
8.30E+00
8.30E+00
8.30E+00
8.30E+00
8.30E+00
8.30E+00
8.30E+00
8.30E+00
8.30E+00
8.30E+00
8.30E+00
8.30E+00
8.30E+00
8.30E+00
8.30E+00
8.30E+00
8.30E+00
8.30E+00
8.30E+00
8.30E+00
8.30E+00
8.30E+00
8.30E+00
8.30E+00
8.30E+00
8.30E+00
8.30E+00
8.30E+00
8.30E+00
8.30E+00
8.30E+00
8.30E+00
8.30E+00
8.30E+00
8.30E+00
8.30E+00
8.30E+00
8.30E+00
8.30E+00
8.30E+00
8.30E+00
8.30E+00
8.30E+00
8.30E+00
8.30E+00
8.30E+00
8.30E+00
8.30E+00
8.30E+00
8.30E+00
8.30E+00
8.30E+00
8.30E+00
8.30E+00
8.30E+00
8.30E+00
8.30E+00
8.30E+00
8.30E+00
8.30E+00
8.30E+00
8.30E+00
8.30E+00
8.30E+00
8.30E+00
8.30E+00
8.30E+00
8.30E+00
8.30E+00
8.30E+00
8.30E+00
8.30E+00
8.30E+00
8.30E+00
8.30E+00
8.30E+00
8.30E+00
8.30E+00
8.30E+00
8.30E+00
8.30E+00
8.30E+00
8.30E+00
8.30E+00
8.30E+00
8.30E+00
8.30E+00
8.30E+00
8.30E+00
8.30E+00
8.30E+00
8.30E+00
8.30E+00
8.30E+00
8.30E+00
8.30E+00
8.30E+00
8.30E+00
8.30E+00
8.30E+00
8.30E+00
8.30E+00
8.30E+00
8.30E+00
8.30E+00
8.30E+00
8.30E+00
8.30E+00
8.30E+00
8.30E+00
8.30E+00
8.30E+00
8.30E+00
8.30E+00
8.30E+00
8.30E+00
8.30E+00
8.30E+00
8.30E+00
8.30E+00
8.30E+00
8.30E+00
8.30E+00
8.30E+00
8.34E+00
8.38E+00
8.41E+00
8.45E+00
8.49E+00
8.53E+00
8.56E+00
8.60E+00
8.64E+00
8.68E+00
8.71E+00
8.75E+00
8.79E+00
8.83E+00
8.87E+00
8.90E+00
8.94E+00
8.98E+00
9.02E+00
9.05E+00
9.09E+00
9.13E+00
9.17E+00
9.20E+00
9.20E+00
9.20E+00
9.20E+00
9.20E+00
9.20E+00
9.20E+00
9.20E+00
9.20E+00
9.20E+00
9.20E+00
9.20E+00
9.20E+00
9.20E+00
9.20E+00
9.20E+00
9.20E+00
9.20E+00
9.20E+00
9.20E+00
9.20E+00
9.20E+00
9.20E+00
9.20E+00
9.20E+00
9.20E+00
9.20E+00
9.20E+00
9.20E+00
9.20E+00
9.20E+00
9.20E+00
9.20E+00
9.20E+00
9.20E+00
9.20E+00
9.20E+00
9.20E+00
9.20E+00
9.20E+00
9.20E+00
9.20E+00
9.20E+00
9.20E+00
9.20E+00
9.20E+00
9.20E+00
9.20E+00
9.20E+00
9.20E+00
9.20E+00
9.20E+00
9.20E+00
9.20E+00
9.20E+00
9.20E+00
9.20E+00
9.20E+00
9.20E+00
9.20E+00
9.20E+00
9.20E+00
9.20E+00
9.20E+00
9.20E+00
9.20E+00
9.20E+00
9.20E+00
9.20E+00
9.20E+00
9.20E+00
9.20E+00
9.20E+00
9.20E+00
9.20E+00
9.20E+00
9.20E+00
9.20E+00
9.20E+00
9.20E+00
9.20E+00
9.20E+00
9.20E+00
9.20E+00
9.20E+00
9.20E+00
9.20E+00
9.20E+00
9.20E+00
9.20E+00
9.20E+00
9.20E+00
9.20E+00
9.20E+00
9.20E+00
9.20E+00
9.20E+00
9.20E+00
9.20E+00
9.20E+00
9.20E+00
9.20E+00
9.20E+00
9.20E+00
9.20E+00
9.20E+00
9.20E+00
9.20E+00
9.20E+00
9.20E+00
9.20E+00
9.20E+00
9.20E+00
9.20E+00
9.20E+00
9.20E+00
9.20E+00
9.20E+00
9.20E+00
9.20E+00
9.20E+00
9.20E+00
9.20E+00
9.20E+00
9.20E+00
9.20E+00
9.20E+00
9.20E+00
9.20E+00
9.20E+00
9.20E+00
9.20E+00
9.20E+00
9.20E+00
9.20E+00
9.20E+00
9.20E+00
9.20E+00
9.20E+00
9.20E+00
9.20E+00
9.20E+00
9.20E+00
9.20E+00
9.20E+00
9.20E+00
9.20E+00
9.20E+00
9.20E+00
9.20E+00
9.20E+00
9.20E+00
9.20E+00
9.20E+00
9.20E+00
9.20E+00
9.20E+00
9.20E+00
9.20E+00
9.20E+00
9.20E+00
9.20E+00
9.20E+00
9.20E+00
9.20E+00
9.20E+00
9.20E+00
9.20E+00
9.20E+00
9.20E+00
9.20E+00
9.20E+00
9.20E+00
9.20E+00
9.20E+00
9.20E+00
9.20E+00
9.20E+00
9.20E+00
9.20E+00
9.20E+00
9.20E+00
9.20E+00
9.20E+00
9.20E+00
9.20E+00
9.20E+00
9.20E+00
9.20E+00
9.20E+00
9.20E+00
9.20E+00
9.20E+00
9.20E+00
9.20E+00
9.20E+00
9.20E+00
9.20E+00
9.20E+00
9.20E+00
9.20E+00
9.20E+00
9.20E+00
9.20E+00
9.20E+00
9.20E+00
9.20E+00
9.20E+00
9.20E+00
9.20E+00
9.20E+00
9.20E+00
9.20E+00
9.20E+00
9.20E+00
9.20E+00
9.20E+00
9.20E+00
9.20E+00
9.20E+00
9.20E+00
9.20E+00
9.20E+00
9.20E+00
9.20E+00
9.20E+00
9.20E+00
9.20E+00
9.20E+00
9.20E+00
9.20E+00
9.20E+00
9.20E+00
9.20E+00
9.20E+00
9.20E+00
9.20E+00
9.20E+00
9.20E+00
9.20E+00
9.20E+00
9.20E+00
9.20E+00
9.20E+00
9.20E+00
9.20E+00
9.20E+00
9.20E+00
9.20E+00
9.20E+00
9.20E+00
9.20E+00
9.20E+00
9.20E+00
9.20E+00
9.20E+00
9.20E+00
9.20E+00
9.20E+00
9.20E+00
9.20E+00
9.20E+00
9.20E+00
9.20E+00
9.20E+00
9.20E+00
9.20E+00
9.20E+00
9.20E+00
9.20E+00
9.20E+00
9.20E+00
9.20E+00
9.20E+00
9.20E+00
9.20E+00
9.20E+00
9.20E+00
9.20E+00
9.20E+00
9.20E+00
9.20E+00
9.20E+00
9.20E+00
9.20E+00
9.20E+00
9.20E+00
9.20E+00
9.20E+00
9.20E+00
9.20E+00
9.20E+00
9.20E+00
9.20E+00
9.20E+00
9.20E+00
9.20E+00
9.20E+00
9.20E+00
9.20E+00
9.20E+00
9.20E+00
9.20E+00
9.20E+00
9.20E+00
9.20E+00
9.20E+00
9.20E+00
9.20E+00
9.20E+00
9.20E+00
9.20E+00
9.20E+00
9.20E+00
9.20E+00
9.20E+00
9.20E+00
9.20E+00
9.20E+00
9.20E+00
9.20E+00
9.20E+00
9.20E+00
9.20E+00
9.20E+00
9.20E+00
9.20E+00
9.20E+00
9.20E+00
9.20E+00
9.20E+00
9.20E+00
9.20E+00
9.20E+00
9.20E+00
9.20E+00
9.20E+00
9.20E+00
9.20E+00
9.20E+00
9.20E+00
9.20E+00
9.20E+00
9.20E+00
9.20E+00
9.20E+00
9.20E+00
9.20E+00
9.20E+00
9.20E+00
9.20E+00
9.20E+00
9.20E+00
9.20E+00
9.20E+00
9.20E+00
9.20E+00
9.20E+00
9.20E+00
9.20E+00
9.20E+00
9.20E+00
9.20E+00
9.20E+00
9.20E+00
9.20E+00
9.20E+00
9.20E+00
9.20E+00
9.20E+00
9.20E+00
9.20E+00
9.20E+00
9.20E+00
9.20E+00
9.20E+00
9.20E+00
9.20E+00
9.20E+00
9.20E+00
9.20E+00
9.20E+00
9.20E+00
9.20E+00
9.20E+00
9.20E+00
9.20E+00
9.20E+00
9.20E+00
9.20E+00
9.20E+00
9.20E+00
9.20E+00
9.20E+00
9.20E+00
9.20E+00
9.20E+00
9.20E+00
9.20E+00
9.20E+00
9.20E+00
9.20E+00
9.20E+00
9.20E+00
9.20E+00
9.20E+00
9.20E+00
9.20E+00
9.20E+00
9.20E+00
9.20E+00
9.20E+00
9.20E+00
9.20E+00
9.20E+00
9.20E+00
9.20E+00
9.20E+00
9.20E+00
9.20E+00
9.20E+00
9.20E+00
9.20E+00
9.20E+00
9.20E+00
9.20E+00
9.20E+00
9.20E+00
9.20E+00
9.20E+00
9.20E+00
9.20E+00
9.20E+00
9.20E+00
9.20E+00
9.20E+00
9.20E+00
9.20E+00
9.20E+00
9.20E+00
9.20E+00
9.20E+00
9.20E+00
9.20E+00
9.20E+00
9.20E+00
9.20E+00
9.20E+00
9.20E+00
9.20E+00
9.20E+00
9.20E+00
9.20E+00
9.20E+00
9.20E+00
9.20E+00
9.20E+00
9.20E+00
9.20E+00
9.20E+00
9.20E+00
9.20E+00
9.20E+00
9.20E+00
9.20E+00
9.20E+00
9.20E+00
9.20E+00
9.20E+00
9.20E+00
9.20E+00
9.20E+00
9.20E+00
9.20E+00
9.20E+00
9.20E+00
9.20E+00
9.20E+00
9.20E+00
9.20E+00
9.20E+00
9.20E+00
9.20E+00
9.20E+00
9.20E+00
9.20E+00
9.20E+00
9.20E+00
9.20E+00
9.20E+00
9.20E+00
9.20E+00
9.20E+00
9.20E+00
9.20E+00
9.20E+00
9.20E+00
9.20E+00
9.20E+00
9.20E+00
9.20E+00
9.20E+00
9.20E+00
9.20E+00
9.20E+00
9.20E+00
9.20E+00
9.20E+00
9.20E+00
9.20E+00
9.20E+00
9.20E+00
9.20E+00
9.20E+00
9.20E+00
9.20E+00
9.20E+00
9.20E+00
9.20E+00
9.20E+00
9.20E+00
9.20E+00
9.20E+00
9.20E+00
9.20E+00
9.20E+00
9.20E+00
9.20E+00
9.20E+00
9.20E+00
9.20E+00
9.20E+00
9.20E+00
9.20E+00
9.20E+00
9.20E+00
9.20E+00
9.20E+00
9.20E+00
9.20E+00
9.20E+00
9.20E+00
9.20E+00
9.20E+00
9.20E+00
9.20E+00
9.20E+00
9.20E+00
9.20E+00
9.20E+00
9.20E+00
9.20E+00
9.20E+00
9.20E+00
9.20E+00
9.20E+00
9.20E+00
9.20E+00
9.20E+00
9.20E+00
9.20E+00
9.20E+00
9.20E+00
9.20E+00
9.20E+00
9.20E+00
9.20E+00
9.20E+00
9.20E+00
9.20E+00
9.20E+00
9.20E+00
9.20E+00
9.20E+00
9.20E+00
9.20E+00
9.20E+00
9.20E+00
9.20E+00
9.20E+00
9.20E+00
9.20E+00
9.20E+00
9.20E+00
9.20E+00
9.20E+00
9.20E+00
9.20E+00
9.20E+00
9.20E+00
9.20E+00
9.20E+00
9.20E+00
9.20E+00
9.20E+00
9.20E+00
9.20E+00
9.20E+00
9.20E+00
9.20E+00
9.20E+00
9.20E+00
9.20E+00
9.20E+00
9.20E+00
9.20E+00
9.20E+00
9.20E+00
9.20E+00
9.20E+00
9.20E+00
9.20E+00
9.20E+00
9.20E+00
9.20E+00
9.20E+00
9.20E+00
9.20E+00
9.20E+00
9.20E+00
9.20E+00
9.20E+00
9.20E+00
9.20E+00
9.20E+00
9.20E+00
9.20E+00
9.20E+00
9.20E+00
9.20E+00
9.20E+00
9.20E+00
9.20E+00
9.20E+00
9.20E+00
9.20E+00
9.20E+00
9.20E+00
9.20E+00
9.20E+00
9.20E+00
9.20E+00
9.20E+00
9.20E+00
9.20E+00
9.20E+00
9.20E+00
9.20E+00
9.20E+00
9.20E+00
9.20E+00
9.20E+00
9.20E+00
9.20E+00
9.20E+00
9.20E+00
9.20E+00
9.20E+00
9.20E+00
9.20E+00
9.20E+00
9.20E+00
9.20E+00
9.20E+00
9.20E+00
9.20E+00
9.20E+00
9.20E+00
9.20E+00
9.20E+00
9.20E+00
9.20E+00
9.20E+00
9.20E+00
9.20E+00
9.20E+00
9.20E+00
9.20E+00
9.20E+00
9.20E+00
9.20E+00
9.20E+00
9.20E+00
9.20E+00
9.20E+00
9.20E+00
9.20E+00
9.20E+00
9.20E+00
9.20E+00
9.20E+00
9.20E+00
9.20E+00
9.20E+00
9.20E+00
9.20E+00
9.20E+00
9.20E+00
9.20E+00
9.20E+00
9.20E+00
9.20E+00
9.20E+00
9.20E+00
9.20E+00
9.20E+00
9.20E+00
9.20E+00
9.20E+00
9.20E+00
9.20E+00
9.20E+00
9.20E+00
9.20E+00
9.20E+00
9.20E+00
