0
0
0
0
0
0
0
0
0
0
0
0
0
0
0
0
0
0
0
0
0
0
0
0
0
0
0
0
0
0
0
0
0
0
0
0
0
0
0
0
0
0
0
0
0
0
0
0
0
0
0
0
0
0
0
0
0
0
0
0
0
0
0
0
0
0
0
0
0
0
0
0
0
0
0
0
0
0
0
0
0
0
0
0
0
0
0
0
0
0
0
0
0
0
0
0
0
0
0
0
0
0
0
0
0
0
0
0
0
0
0
0
0
0
0
0
0
0
0
0
0
0
0
0
0
0
0
0
0
0
0
0
0
0
0
0
0
0
0
0
0
0
0
0
0
0
0
0
0
0
0
0
0
0
0
0
0
0
0
0
0
0
0
0
0
0
0
0
0
0
0
0
0
0
0
0
0
0
0
0
0
0
0
0
0
0
0
0
0
0
0
0
0
0
0
0
0
0
0
0
0
0
0
0
0
0
0
0
0
0
0
0
0
0
0
0
0
0
0
0
0
0
0
0
0
0
0
0
0
0
0
0
0
0
0
0
0
0
0
0
0
0
0
0
0
0
0
0
0
0
0
0
0
0
0
0
0
0
0
0
0
0
0
0
0
0
0
0
0
0
0
0
0
0
0
0
0
0
0
0
0
0
0
0
0
0
0
0
0
0
0
0
0
0
0
0
0
0
0
0
0
0
0
0
0
0
0
0
0
0
0
0
0
0
0
0
0
0
0
0
0
0
0
0
0
0
0
0
0
0
0
0
0
0
0
0
0
0
0
0
0
0
0
0
0
0
0
0
0
0
0
0
0
0
0
0
0
0
0
0
0
0
0
0
0
0
0
0
0
0
0
0
0
0
0
0
0
0
0
0
0
0
0
0
0
0
0
0
0
0
0
0
0
0
0
0
0
0
0
0
0
0
0
0
0
0
0
0
0
0
0
0
0
0
0
0
0
0
0
0
0
0
0
0
0
0
0
0
0
0
0
0
0
0
0
0
0
0
0
0
0
0
0
0
0
0
0
0
0
0
0
0
0
0
0
0
0
0
0
0
0
0
0
0
0
0
0
0
0
0
0
0
0
0
0
0
0
0
0
0
0
0
0
0
0
0
0
0
0
0
0
0
0
0
0
0
0
0
0
0
0
0
0
0
0
0
0
0
0
0
0
0
0
0
0
0
0
0
0
0
0
0
0
0
0
0
0
0
0
0
0
0
0
0
0
0
0
0
0
0
0
0
0
0
0
0
0
0
0
0
0
0
0
0
0
0
0
0
0
0
0
0
0
0
0
0
0
0
0
0
0
0
0
0
0
0
0
0
0
0
0
0
0
0
0
0
0
0
0
0
0
0
0
0
0
0
0
0
0
0
0
0
0
0
0
0
0
0
0
0
0
0
0
0
0
0
0
0
0
0
0
0
0
0
0
0
0
0
0
0
0
0
0
0
0
0
0
0
0
0
0
0
0
0
0
0
0
0
0
0
0
0
0
0
0
0
0
0
0
0
0
0
0
0
0
0
0
0
0
0
0
0
0
0
0
0
0
0
0
0
0
0
0
0
0
0
0
0
0
0
0
0
0
0
0
0
0
0
0
0
0
0
0
0
0
0
0
0
0
0
0
0
0
0
0
0
0
0
0
0
0
0
0
0
0
0
0
0
0
0
0
0
0
0
0
0
0
0
0
0
0
0
0
0
0
0
0
0
0
0
0
0
0
0
0
0
0
0
0
0
0
0
0
0
0
0
0
0
0
0
0
0
0
0
0
0
0
0
0
0
0
0
0
0
0
0
0
0
0
0
0
0
0
0
0
0
0
0
0
0
0
0
0
0
2.88E-06
1.48E-05
3.60E-05
6.65E-05
0.000106141
0.000154988
0.000213001
0.000280157
0.000356432
0.000441804
0.00053625
0.000639746
0.000752269
0.000873797
0.001004305
0.001143771
0.001292171
0.001449483
0.001615683
0.001790749
0.001974656
0.002167382
0.002368903
0.002579197
0.00279824
0.00302601
0.003262482
0.003507635
0.003761443
0.004023886
0.004294939
0.004574579
0.004862783
0.005159528
0.00546479
0.005778548
0.006100776
0.006431453
0.006770555
0.007118059
0.007473942
0.00783818
0.008210751
0.008591631
0.008980797
0.009378227
0.009783896
0.010197782
0.010619861
0.011050111
0.011488507
0.011935028
0.01238965
0.01285235
0.013323104
0.01380189
0.014288684
0.014783462
0.015286203
0.015796883
0.016315478
0.016841966
0.017376323
0.017918527
0.018468553
0.019026379
0.019591982
0.020165339
0.020746425
0.021335219
0.021931697
0.022535836
0.023147613
0.023767004
0.024393987
0.025028538
0.025670634
0.026320252
0.026977369
0.027641962
0.028314007
0.028993481
0.029680362
0.030374625
0.031076249
0.031785209
0.032501483
0.033225047
0.033955878
0.034693953
0.03543925
0.036191744
0.036951412
0.037718232
0.038492181
0.039273234
0.04006137
0.040856564
0.041658794
0.042468036
0.043284268
0.044107466
0.044937607
0.045774668
0.046618626
0.047469457
0.048327138
0.049191647
0.05006296
0.050941054
0.051825905
0.052717491
0.053615789
0.054520775
0.055432426
0.056350719
0.057275631
0.058207138
0.059145218
0.060089848
0.061041003
0.061998662
0.0629628
0.063933395
0.064910424
0.065893863
0.06688369
0.06787988
0.068882412
0.069891261
0.070906405
0.07192782
0.072955484
0.073989373
0.075029463
0.076075733
0.077128158
0.078186716
0.079251383
0.080322136
0.081398953
0.082481809
0.083570682
0.084665549
0.085766386
0.08687317
0.087985878
0.089104488
0.090228975
0.091359317
0.09249549
0.093637471
0.094785238
0.095938767
0.097098034
0.098263017
0.099433693
0.100610038
0.10179203
0.102979644
0.104172858
0.105371649
0.106575994
0.107785869
0.109001251
0.110222118
0.111448445
0.11268021
0.11391739
0.115159961
0.116407901
0.117661186
0.118919793
0.120183698
0.12145288
0.122727314
0.124006977
0.125291846
0.126581899
0.127877111
0.129177461
0.130482923
0.131793477
0.133109097
0.134429762
0.135755447
0.137086131
0.138421789
0.139762399
0.141107936
0.14245838
0.143813705
0.145173889
0.146538908
0.147908741
0.149283362
0.15066275
0.152046881
0.153435732
0.154829279
0.156227501
0.157630372
0.159037871
0.160449974
0.161866658
0.1632879
0.164713677
0.166143965
0.167578741
0.169017983
0.170461666
0.171909769
0.173362267
0.174819138
0.176280358
0.177745904
0.179215754
0.180689883
0.182168269
0.183650889
0.185137719
0.186628737
0.188123919
0.189623241
0.191126682
0.192634217
0.194145824
0.195661479
0.197181159
0.198704841
0.200232502
0.201764119
0.203299669
0.204839128
0.206382473
0.207929681
0.209480729
0.211035594
0.212594253
0.214156682
0.215722858
0.217292759
0.21886636
0.220443639
0.222024573
0.223609139
0.225197313
0.226789072
0.228384393
0.229983253
0.231585629
0.233191497
0.234800835
0.236413619
0.238029826
0.239649433
0.241272417
0.242898755
0.244528423
0.246161398
0.247797658
0.249437178
0.251079936
0.252725909
0.254375074
0.256027407
0.257682885
0.259341485
0.261003184
0.262667959
0.264335787
0.266006644
0.267680507
0.269357353
0.271037159
0.272719902
0.274405559
0.276094106
0.277785521
0.279479779
0.281176859
0.282876736
0.284579389
0.286284792
0.287992925
0.289703762
0.291417281
0.29313346
0.294852274
0.296573701
0.298297717
0.300024299
0.301753425
0.30348507
0.305219213
0.306955829
0.308694895
0.310436389
0.312180287
0.313926566
0.315675203
0.317426175
0.319179458
0.320935029
0.322692866
0.324452945
0.326215243
0.327979737
0.329746403
0.331515218
0.33328616
0.335059205
0.33683433
0.338611512
0.340390728
0.342171954
0.343955167
0.345740345
0.347527463
0.3493165
0.351107431
0.352900234
0.354694885
0.356491361
0.35828964
0.360089697
0.361891511
0.363695057
0.365500312
0.367307253
0.369115858
0.370926103
0.372737964
0.37455142
0.376366445
0.378183019
0.380001116
0.381820714
0.38364179
0.385464321
0.387288284
0.389113655
0.390940411
0.39276853
0.394597987
0.39642876
0.398260826
0.400094161
0.401928742
0.403764547
0.405601551
0.407439733
0.409279068
0.411119534
0.412961107
0.414803764
0.416647482
0.418492238
0.420338009
0.422184772
0.424032503
0.425881179
0.427730777
0.429581275
0.431432648
0.433284873
0.435137929
0.43699179
0.438846435
0.440701839
0.442557981
0.444414836
0.446272382
0.448130595
0.449989452
0.451848931
0.453709007
0.455569658
0.457430861
0.459292592
0.461154829
0.463017547
0.464880724
0.466744338
0.468608364
0.470472779
0.472337561
0.474202686
0.476068131
0.477933873
0.479799888
0.481666154
0.483532648
0.485399345
0.487266224
0.489133261
0.491000432
0.492867715
0.494735086
0.496602523
0.498470002
0.5003375
0.502204994
0.50407246
0.505939876
0.507807218
0.509674463
0.511541589
0.513408571
0.515275387
0.517142013
0.519008427
0.520874606
0.522740525
0.524606162
0.526471494
0.528336497
0.530201149
0.532065427
0.533929306
0.535792765
0.537655779
0.539518326
0.541380382
0.543241925
0.545102931
0.546963377
0.54882324
0.550682497
0.552541124
0.554399098
0.556256397
0.558112997
0.559968875
0.561824008
0.563678372
0.565531945
0.567384703
0.569236623
0.571087682
0.572937857
0.574787125
0.576635462
0.578482846
0.580329252
0.582174659
0.584019043
0.58586238
0.587704648
0.589545824
0.591385884
0.593224804
0.595062563
0.596899137
0.598734502
0.600568636
0.602401515
0.604233116
0.606063416
0.607892392
0.609720021
0.611546279
0.613371143
0.615194591
0.617016599
0.618837144
0.620656202
0.622473751
0.624289768
0.626104229
0.62791711
0.62972839
0.631538045
0.633346051
0.635152386
0.636957026
0.638759948
0.64056113
0.642360547
0.644158177
0.645953996
0.647747982
0.649540111
0.65133036
0.653118706
0.654905125
0.656689596
0.658472093
0.660252595
0.662031079
0.66380752
0.665581896
0.667354183
0.669124359
0.670892401
0.672658284
0.674421987
0.676183485
0.677942756
0.679699777
0.681454524
0.683206975
0.684957105
0.686704892
0.688450313
0.690193345
0.691933964
0.693672148
0.695407872
0.697141115
0.698871852
0.700600061
0.702325719
0.704048802
0.705769287
0.707487151
0.709202371
0.710914924
0.712624786
0.714331935
0.716036347
0.717737999
0.719436867
0.72113293
0.722826163
0.724516544
0.726204049
0.727888656
0.72957034
0.731249079
0.73292485
0.734597629
0.736267393
0.73793412
0.739597786
0.741258368
0.742915842
0.744570186
0.746221376
0.74786939
0.749514204
0.751155795
0.752794139
0.754429214
0.756060997
0.757689464
0.759314592
0.760936358
0.762554739
0.764169711
0.765781252
0.767389339
0.768993947
0.770595055
0.772192639
0.773786675
0.775377141
0.776964013
0.778547269
0.780126885
0.781702837
0.783275104
0.784843661
0.786408485
0.787969554
0.789526844
0.791080332
0.792629995
0.79417581
0.795717753
0.797255801
0.798789932
0.800320122
0.801846348
0.803368586
0.804886814
0.806401009
0.807911146
0.809417204
0.810919159
0.812416988
0.813910667
0.815400174
0.816885485
0.818366577
0.819843427
0.821316012
0.822784309
0.824248294
0.825707945
0.827163238
0.82861415
0.830060658
0.831502739
0.832940369
0.834373526
0.835802186
0.837226326
0.838645923
0.840060954
0.841471396
0.842877225
0.844278418
0.845674953
0.847066806
0.848453953
0.849836372
0.85121404
0.852586933
0.853955029
0.855318303
0.856676734
0.858030297
0.85937897
0.860722729
0.862061552
0.863395414
0.864724294
0.866048167
0.867367012
0.868680803
0.869989519
0.871293137
0.872591632
0.873884982
0.875173164
0.876456154
0.87773393
0.879006468
0.880273745
0.881535738
0.882792424
0.88404378
0.885289781
0.886530407
0.887765632
0.888995434
0.890219791
0.891438678
0.892652072
0.893859951
0.895062291
0.896259069
0.897450262
0.898635846
0.899815799
0.900990098
0.902158719
0.903321639
0.904478835
0.905630284
0.906775962
0.907915847
0.909049915
0.910178143
0.911300508
0.912416988
0.913527557
0.914632195
0.915730876
0.916823579
0.91791028
0.918990956
0.920065584
0.92113414
0.922196602
0.923252945
0.924303148
0.925347187
0.926385039
0.927416681
0.928442088
0.92946124
0.930474111
0.931480679
0.932480922
0.933474814
0.934462335
0.93544346
0.936418166
0.93738643
0.938348229
0.93930354
0.940252339
0.941194604
0.942130311
0.943059437
0.943981959
0.944897854
0.945807099
0.94670967
0.947605545
0.948494699
0.949377111
0.950252756
0.951121612
0.951983656
0.952838864
0.953687214
0.954528681
0.955363244
0.956190878
0.95701156
0.957825269
0.958631979
0.959431669
0.960224314
0.961009893
0.961788381
0.962559755
0.963323993
0.964081071
0.964830966
0.965573655
0.966309115
0.967037322
0.967758254
0.968471887
0.969178198
0.969877164
0.970568761
0.971252968
0.971929759
0.972599113
0.973261007
0.973915416
0.974562318
0.975201689
0.975833508
0.976457749
0.977074391
0.97768341
0.978284782
0.978878486
0.979464497
0.980042792
0.980613349
0.981176143
0.981731153
0.982278354
0.982817724
0.98334924
0.983872878
0.984388615
0.984896428
0.985396293
0.985888189
0.986372091
0.986847976
0.987315822
0.987775604
0.988227301
0.988670888
0.989106343
0.989533642
0.989952763
0.990363681
0.990766375
0.99116082
0.991546994
0.991924873
0.992294435
0.992655656
0.993008513
0.993352983
0.993689042
0.994016668
0.994335838
0.994646527
0.994948714
0.995242374
0.995527486
0.995804024
0.996071968
0.996331292
0.996581975
0.996823993
0.997057322
0.99728194
0.997497824
0.99770495
0.997903295
0.998092836
0.99827355
0.998445413
0.998608403
0.998762497
0.998907671
0.999043902
0.999171166
0.999289442
0.999398705
0.999498933
0.999590101
0.999672188
0.99974517
0.999809024
0.999863726
0.999909254
0.999945584
0.999972694
0.999990559
0.999999158
1
1
1
1
1
1
1
1
1
1
1
1
1
1
1
1
1
1
1
1
1
1
1
1
1
1
1
1
1
1
1
1
1
1
1
1
1
1
1
1
1
1
1
1
1
1
1
1
1
1
1
1
1
1
1
1
1
1
1
1
1
1
1
1
1
1
1
1
1
1
1
1
1
1
1
1
1
1
1
1
1
1
1
1
1
1
1
1
1
1
1
1
1
1
1
1
1
1
1
1
1
1
1
1
1
1
1
1
1
1
1
1
1
1
1
1
1
1
1
1
1
1
1
1
1
1
1
1
1
1
1
1
1
1
1
1
1
1
1
1
1
1
1
1
1
1
1
1
1
1
1
1
1
1
1
1
1
1
1
1
1
1
1
1
1
1
1
1
1
1
1
1
1
1
1
1
1
1
1
1
1
1
1
1
1
1
1
1
1
1
1
1
1
1
1
1
1
1
1
1
1
1
1
1
1
1
1
1
1
1
1
1
1
1
1
1
1
1
1
1
1
1
1
1
1
1
1
1
1
1
1
1
1
1
1
1
1
1
1
1
1
1
1
1
1
1
1
1
1
1
1
1
1
1
1
1
1
1
1
1
1
1
1
1
1
1
1
1
1
1
1
1
1
1
1
1
1
1
1
1
1
1
1
1
1
1
1
1
1
1
1
1
1
1
1
1
1
1
1
1
1
1
1
1
1
1
1
1
1
1
1
1
1
1
1
1
1
1
1
1
1
1
1
1
1
1
1
1
1
1
1
1
1
1
1
1
1
1
1
1
1
1
1
1
1
1
1
1
1
1
1
1
1
1
1
1
1
1
1
1
1
1
1
1
1
1
1
1
1
1
1
1
1
1
1
1
1
1
1
1
1
1
1
1
1
1
1
1
1
1
1
1
1
1
1
1
1
1
1
1
1
1
1
1
1
1
1
1
1
1
1
1
1
1
1
1
1
1
1
1
1
1
1
1
1
1
1
1
1
1
1
1
1
1
1
1
1
1
1
1
1
1
1
1
1
1
1
1
1
1
1
1
1
1
1
1
1
1
1
1
1
1
1
1
1
1
1
1
1
1
1
1
1
1
1
1
1
1
1
1
1
1
1
1
1
1
1
1
1
1
1
1
1
1
1
1
1
1
1
1
1
1
1
1
1
1
1
1
1
1
1
1
1
1
1
1
1
1
1
1
1
1
1
1
1
1
1
1
1
1
1
1
1
1
1
1
1
1
1
1
1
1
1
1
1
1
1
1
1
1
1
1
1
1
1
1
1
1
1
1
1
1
1
1
1
1
1
1
1
1
1
1
1
1
1
1
1
1
1
1
1
1
1
1
1
1
1
1
1
1
1
1
1
1
1
1
1
1
1
1
1
1
1
1
1
1
1
1
1
1
1
1
1
1
1
1
1
1
1
1
1
1
1
1
1
1
1
1
1
1
1
1
1
1
1
1
1
1
1
1
1
1
1
1
1
1
1
1
1
1
1
1
1
1
1
1
1
1
1
1
1
1
1
1
1
1
1
1
1
1
1
1
1
1
1
1
1
1
1
1
1
1
1
1
1
1
1
1
1
1
1
1
1
1
1
1
1
1
1
1
1
1
1
1
1
1
1
1
1
1
1
1
1
1
1
1
1
1
1
1
1
1
1
1
1
1
1
1
1
1
1
1
1
1
1
1
1
1
1
1
1
1
1
1
1
1
1
1
1
1
1
1
1
1
1
1
1
1
1
1
1
1
1
1
1
1
1
1
1
1
1
1
1
1
1
1
1
1
1
1
1
1
1
1
1
1
1
1
1
1
1
1
1
1
1
1
1
1
1
1
1
1
1
1
1
1
1
1
1
1
1
1
1
1
1
1
1
1
1
1
1
1
1
1
1
1
1
1
1
1
1
1
1
1
1
1
1
1
1
1
1
1
1
1
1
1
1
1
1
1
1
1
1
1
1
1
1
1
1
1
1
1
1
1
1
1
1
1
1
1
1
1
1
1
1
1
1
1
1
1
1
1
1
1
1
1
1
1
1
1
1
1
1
1
1
1
1
1
1
1
1
1
1
1
1
1
1
1
1
1
1
1
1
1
1
1
1
1
1
1
1
1
1
1
1
1
1
1
1
1
1
1
1
1
1
1
1
1
1
1
1
1
1
1
1
1
1
1
1
1
1
1
1
1
1
1
1
1
1
1
1
1
1
1
1
1
1
1
1
1
1
1
1
1
1
1
1
1
1
1
1
1
1
1
1
1
1
1
1
1
1
1
1
1
1
1
1
1
1
1
1
1
1
1
1
1
1
1
1
1
1
1
1
1
1
1
1
1
1
1
1
1
1
1
1
1
1
1
1
1
1
1
1
1
1
1
1
1
1
1
1
1
1
1
1
1
1
1
1
1
1
1
1
1
1
1
1
1
1
1
1
1
1
1
1
1
1
1
1
1
1
1
1
1
1
1
1
1
1
1
1
1
1
1
1
1
1
1
1
1
1
1
1
1
1
1
1
1
1
1
1
1
1
1
1
1
1
1
1
1
1
1
1
1
1
1
1
1
1
1
1
1
1
1
1
1
1
1
1
1
1
1
1
1
1
1
1
1
1
1
1
1
1
1
1
1
1
1
1
1
1
1
1
1
1
1
1
1
1
1
1
1
1
1
1
1
1
1
1
1
1
1
1
1
1
1
1
1
1
1
1
1
1
1
1
1
1
1
1
1
1
1
1
1
1
1
1
1
0.999997121
0.99998517
0.999963961
0.999933516
0.999893859
0.999845012
0.999786999
0.999719843
0.999643568
0.999558196
0.99946375
0.999360254
0.999247731
0.999126203
0.998995695
0.998856229
0.998707829
0.998550517
0.998384317
0.998209251
0.998025344
0.997832618
0.997631097
0.997420803
0.99720176
0.99697399
0.996737518
0.996492365
0.996238557
0.995976114
0.995705061
0.995425421
0.995137217
0.994840472
0.99453521
0.994221452
0.993899224
0.993568547
0.993229445
0.992881941
0.992526058
0.99216182
0.991789249
0.991408369
0.991019203
0.990621773
0.990216104
0.989802218
0.989380139
0.988949889
0.988511493
0.988064972
0.98761035
0.98714765
0.986676896
0.98619811
0.985711316
0.985216538
0.984713797
0.984203117
0.983684522
0.983158034
0.982623677
0.982081473
0.981531447
0.980973621
0.980408018
0.979834661
0.979253575
0.978664781
0.978068303
0.977464164
0.976852387
0.976232996
0.975606013
0.974971462
0.974329366
0.973679748
0.973022631
0.972358038
0.971685993
0.971006519
0.970319638
0.969625375
0.968923751
0.968214791
0.967498517
0.966774953
0.966044122
0.965306047
0.96456075
0.963808256
0.963048588
0.962281768
0.961507819
0.960726766
0.95993863
0.959143436
0.958341206
0.957531964
0.956715732
0.955892534
0.955062393
0.954225332
0.953381374
0.952530543
0.951672862
0.950808353
0.94993704
0.949058946
0.948174095
0.947282509
0.946384211
0.945479225
0.944567574
0.943649281
0.942724369
0.941792862
0.940854782
0.939910152
0.938958997
0.938001338
0.9370372
0.936066605
0.935089576
0.934106137
0.93311631
0.93212012
0.931117588
0.930108739
0.929093595
0.92807218
0.927044516
0.926010627
0.924970537
0.923924267
0.922871842
0.921813284
0.920748617
0.919677864
0.918601047
0.917518191
0.916429318
0.915334451
0.914233614
0.91312683
0.912014122
0.910895512
0.909771025
0.908640683
0.90750451
0.906362529
0.905214762
0.904061233
0.902901966
0.901736983
0.900566307
0.899389962
0.89820797
0.897020356
0.895827142
0.894628351
0.893424006
0.892214131
0.890998749
0.889777882
0.888551555
0.88731979
0.88608261
0.884840039
0.883592099
0.882338814
0.881080207
0.879816302
0.87854712
0.877272686
0.875993023
0.874708154
0.873418101
0.872122889
0.870822539
0.869517077
0.868206523
0.866890903
0.865570238
0.864244553
0.862913869
0.861578211
0.860237601
0.858892064
0.85754162
0.856186295
0.854826111
0.853461092
0.852091259
0.850716638
0.84933725
0.847953119
0.846564268
0.845170721
0.843772499
0.842369628
0.840962129
0.839550026
0.838133342
0.8367121
0.835286323
0.833856035
0.832421259
0.830982017
0.829538334
0.828090231
0.826637733
0.825180862
0.823719642
0.822254096
0.820784246
0.819310117
0.817831731
0.816349111
0.814862281
0.813371263
0.811876081
0.810376759
0.808873318
0.807365783
0.805854176
0.804338521
0.802818841
0.801295159
0.799767498
0.798235881
0.796700331
0.795160872
0.793617527
0.792070319
0.790519271
0.788964406
0.787405747
0.785843318
0.784277142
0.782707241
0.78113364
0.779556361
0.777975427
0.776390861
0.774802687
0.773210928
0.771615607
0.770016747
0.768414371
0.766808503
0.765199165
0.763586381
0.761970174
0.760350567
0.758727583
0.757101245
0.755471577
0.753838602
0.752202342
0.750562822
0.748920064
0.747274091
0.745624926
0.743972593
0.742317115
0.740658515
0.738996816
0.737332041
0.735664213
0.733993356
0.732319493
0.730642647
0.728962841
0.727280098
0.725594441
0.723905894
0.722214479
0.720520221
0.718823141
0.717123264
0.715420611
0.713715208
0.712007075
0.710296238
0.708582719
0.70686654
0.705147726
0.703426299
0.701702283
0.699975701
0.698246575
0.69651493
0.694780787
0.693044171
0.691305105
0.689563611
0.687819713
0.686073434
0.684324797
0.682573825
0.680820542
0.679064971
0.677307134
0.675547055
0.673784757
0.672020263
0.670253597
0.668484782
0.66671384
0.664940795
0.66316567
0.661388488
0.659609272
0.657828046
0.656044833
0.654259655
0.652472537
0.6506835
0.648892569
0.647099766
0.645305115
0.643508639
0.64171036
0.639910303
0.638108489
0.636304943
0.634499688
0.632692747
0.630884142
0.629073897
0.627262036
0.62544858
0.623633555
0.621816981
0.619998884
0.618179286
0.61635821
0.614535679
0.612711716
0.610886345
0.609059589
0.60723147
0.605402013
0.60357124
0.601739174
0.599905839
0.598071258
0.596235453
0.594398449
0.592560267
0.590720932
0.588880466
0.587038893
0.585196236
0.583352518
0.581507762
0.579661991
0.577815228
0.575967497
0.574118821
0.572269223
0.570418725
0.568567352
0.566715127
0.564862071
0.56300821
0.561153565
0.559298161
0.557442019
0.555585164
0.553727618
0.551869405
0.550010548
0.548151069
0.546290993
0.544430342
0.542569139
0.540707408
0.538845171
0.536982453
0.535119276
0.533255662
0.531391636
0.529527221
0.527662439
0.525797314
0.523931869
0.522066127
0.520200112
0.518333846
0.516467352
0.514600655
0.512733776
0.510866739
0.508999568
0.507132285
0.505264914
0.503397477
0.501529998
0.4996625
0.497795006
0.49592754
0.494060124
0.492192782
0.490325537
0.488458411
0.486591429
0.484724613
0.482857987
0.480991573
0.479125394
0.477259475
0.475393838
0.473528506
0.471663503
0.469798851
0.467934573
0.466070694
0.464207235
0.462344221
0.460481674
0.458619618
0.456758075
0.454897069
0.453036623
0.45117676
0.449317503
0.447458876
0.445600902
0.443743603
0.441887003
0.440031125
0.438175992
0.436321628
0.434468055
0.432615297
0.430763377
0.428912318
0.427062143
0.425212875
0.423364538
0.421517154
0.419670748
0.417825341
0.415980957
0.41413762
0.412295352
0.410454176
0.408614116
0.406775196
0.404937437
0.403100863
0.401265498
0.399431364
0.397598485
0.395766884
0.393936584
0.392107608
0.390279979
0.388453721
0.386628857
0.384805409
0.382983401
0.381162856
0.379343798
0.377526249
0.375710232
0.373895771
0.37208289
0.37027161
0.368461955
0.366653949
0.364847614
0.363042974
0.361240052
0.35943887
0.357639453
0.355841823
0.354046004
0.352252018
0.350459889
0.34866964
0.346881294
0.345094875
0.343310404
0.341527907
0.339747405
0.337968921
0.33619248
0.334418104
0.332645817
0.330875641
0.329107599
0.327341716
0.325578013
0.323816515
0.322057244
0.320300223
0.318545476
0.316793025
0.315042895
0.313295108
0.311549687
0.309806655
0.308066036
0.306327852
0.304592128
0.302858885
0.301128148
0.299399939
0.297674281
0.295951198
0.294230713
0.292512849
0.290797629
0.289085076
0.287375214
0.285668065
0.283963653
0.282262001
0.280563133
0.27886707
0.277173837
0.275483456
0.273795951
0.272111344
0.27042966
0.268750921
0.26707515
0.265402371
0.263732607
0.26206588
0.260402214
0.258741632
0.257084158
0.255429814
0.253778624
0.25213061
0.250485796
0.248844205
0.247205861
0.245570786
0.243939003
0.242310536
0.240685408
0.239063642
0.237445261
0.235830289
0.234218748
0.232610661
0.231006053
0.229404945
0.227807361
0.226213325
0.224622859
0.223035987
0.221452731
0.219873115
0.218297163
0.216724896
0.215156339
0.213591515
0.212030446
0.210473156
0.208919668
0.207370005
0.20582419
0.204282247
0.202744199
0.201210068
0.199679878
0.198153652
0.196631414
0.195113186
0.193598991
0.192088854
0.190582796
0.189080841
0.187583012
0.186089333
0.184599826
0.183114515
0.181633423
0.180156573
0.178683988
0.177215691
0.175751706
0.174292055
0.172836762
0.17138585
0.169939342
0.168497261
0.167059631
0.165626474
0.164197814
0.162773674
0.161354077
0.159939046
0.158528604
0.157122775
0.155721582
0.154325047
0.152933194
0.151546047
0.150163628
0.14878596
0.147413067
0.146044971
0.144681697
0.143323266
0.141969703
0.14062103
0.139277271
0.137938448
0.136604586
0.135275706
0.133951833
0.132632988
0.131319197
0.130010481
0.128706863
0.127408368
0.126115018
0.124826836
0.123543846
0.12226607
0.120993532
0.119726255
0.118464262
0.117207576
0.11595622
0.114710219
0.113469593
0.112234368
0.111004566
0.109780209
0.108561322
0.107347928
0.106140049
0.104937709
0.103740931
0.102549738
0.101364154
0.100184201
0.099009902
0.097841281
0.096678361
0.095521165
0.094369716
0.093224038
0.092084153
0.090950085
0.089821857
0.088699492
0.087583012
0.086472443
0.085367805
0.084269124
0.083176421
0.08208972
0.081009044
0.079934416
0.07886586
0.077803398
0.076747055
0.075696852
0.074652813
0.073614961
0.072583319
0.071557912
0.07053876
0.069525889
0.068519321
0.067519078
0.066525186
0.065537665
0.06455654
0.063581834
0.06261357
0.061651771
0.06069646
0.059747661
0.058805396
0.057869689
0.056940563
0.056018041
0.055102146
0.054192901
0.05329033
0.052394455
0.051505301
0.050622889
0.049747244
0.048878388
0.048016344
0.047161136
0.046312786
0.045471319
0.044636756
0.043809122
0.04298844
0.042174731
0.041368021
0.040568331
0.039775686
0.038990107
0.038211619
0.037440245
0.036676007
0.035918929
0.035169034
0.034426345
0.033690885
0.032962678
0.032241746
0.031528113
0.030821802
0.030122836
0.029431239
0.028747032
0.028070241
0.027400887
0.026738993
0.026084584
0.025437682
0.024798311
0.024166492
0.023542251
0.022925609
0.02231659
0.021715218
0.021121514
0.020535503
0.019957208
0.019386651
0.018823857
0.018268847
0.017721646
0.017182276
0.01665076
0.016127122
0.015611385
0.015103572
0.014603707
0.014111811
0.013627909
0.013152024
0.012684178
0.012224396
0.011772699
0.011329112
0.010893657
0.010466358
0.010047237
0.009636319
0.009233625
0.00883918
0.008453006
0.008075127
0.007705565
0.007344344
0.006991487
0.006647017
0.006310958
0.005983332
0.005664162
0.005353473
0.005051286
0.004757626
0.004472514
0.004195976
0.003928032
0.003668708
0.003418025
0.003176007
0.002942678
0.00271806
0.002502176
0.00229505
0.002096705
0.001907164
0.00172645
0.001554587
0.001391597
0.001237503
0.001092329
0.000956098
0.000828834
0.000710558
0.000601295
0.000501067
0.000409899
0.000327812
0.00025483
0.000190976
0.000136274
9.07E-05
5.44E-05
2.73E-05
9.44E-06
8.42E-07
0
0
0
0
0
0
0
0
0
0
0
0
0
0
0
0
0
0
0
0
0
0
0
0
0
0
0
0
0
0
0
0
0
0
0
0
0
0
0
0
0
0
0
0
0
0
0
0
0
0
0
0
0
0
0
0
0
0
0
0
0
0
0
0
0
0
0
0
0
0
0
0
0
0
0
0
0
0
0
0
0
0
0
0
0
0
0
0
0
0
0
0
0
0
0
0
0
0
0
0
0
0
0
0
0
0
0
0
0
0
0
0
0
0
0
0
0
0
0
0
0
0
0
0
0
0
0
0
0
0
0
0
0
0
0
0
0
0
0
0
0
0
0
0
0
0
0
0
0
0
0
0
0
0
0
0
0
0
0
0
0
0
0
0
0
0
0
0
0
0
0
0
0
0
0
0
0
0
0
0
0
0
0
0
0
0
0
0
0
0
0
0
0
0
0
0
0
0
0
0
0
0
0
0
0
0
0
0
0
0
0
0
0
0
0
0
0
0
0
0
0
0
0
0
0
0
0
0
0
0
0
0
0
0
0
0
0
0
0
0
0
0
0
0
0
0
0
0
0
0
0
0
0
0
0
0
0
0
0
0
0
0
0
0
0
0
0
0
0
0
0
0
0
0
0
0
0
0
0
0
0
0
0
0
0
0
0
0
0
0
0
0
0
0
0
0
0
0
0
0
0
0
0
0
0
0
0
0
0
0
0
0
0
0
0
0
0
0
0
0
0
0
0
0
0
0
0
0
0
0
0
0
0
0
0
0
0
0
0
0
0
0
0
0
0
0
0
0
0
0
0
0
0
0
0
0
0
0
0
0
0
0
0
0
0
0
0
0
0
0
0
0
0
0
0
0
0
0
0
0
0
0
0
0
0
0
0
0
0
0
0
0
0
0
0
0
0
0
0
0
0
0
0
0
0
0
0
0
0
0
0
0
0
0
0
0
0
0
0
0
0
0
0
0
0
0
0
0
0
0
0
0
0
0
0
0
0
0
0
0
0
0
0
0
0
0
0
0
0
0
0
0
0
0
0
0
0
0
0
0
0
0
0
0
0
0
0
0
0
0
0
0
0
0
0
0
0
0
0
0
0
0
0
0
0
0
0
0
0
0
0
0
0
0
0
0
0
0
0
0
0
0
0
0
0
0
0
0
0
0
0
0
0
0
0
0
0
0
0
0
0
0
0
0
0
0
0
0
0
0
0
0
0
0
0
0
0
0
0
0
0
0
0
0
0
0
0
0
0
0
0
0
0
0
0
0
0
0
0
0
0
0
0
0
0
0
0
0
0
0
0
0
0
0
0
0
0
0
0
0
0
0
0
0
0
0
0
0
0
0
0
0
0
0
0
0
0
0
0
0
0
0
0
0
0
0
0
0
0
0
0
0
0
0
0
0
0
0
0
0
0
0
0
0
0
0
0
0
0
0
0
0
0
0
0
0
0
0
0
0
0
0
0
0
0
0
0
0
0
0
0
0
0
0
0
0
0
0
0
0
0
0
0
0
0
0
0
0
0
0
0
0
0
0
0
0
0
0
0
0
0
0
0
0
0
0
0
0
0
0
0
0
0
0
0
0
0
0
0
0
0
0
0
0
0
0
0
0
0
0
0
0
0
0
0
0
0
0
0
0
0
0
0
0
0
0
0
0
0
0
0
0
0
0
0
0
0
0
0
0
0
0
0
0
0
0
0
0
0
0
0
0
0
0
0
0
0
0
0
0
0
0
0
0
0
0
0
0
0
0
0
0
0
0
0
0
0
0
0
0
0
0
0
0
0
0
0
0
0
0
0
0
0
0
0
0
0
0
0
0
0
0
0
0
0
0
0
0
0
0
0
0
0
0
0
0
0
0
0
0
0
0
0
0
0
0
0
0
0
0
0
0
0
0
0
0
0
0
0
0
0
0
0
0
0
0
0
0
0
0
0
0
0
0
0
0
0
0
0
0
0
0
0
0
0
0
0
0
0
0
0
0
0
0
0
0
0
0
0
0
0
0
0
0
0
0
0
0
0
0
0
0
0
0
0
0
0
0
0
0
0
0
0
0
0
0
0
0
0
0
0
0
0
0
0
0
0
0
0
0
0
0
0
0
0
0
0
0
0
0
0
0
0
0
0
0
0
0
0
0
0
0
0
0
0
0
0
0
0
0
0
0
0
0
0
0
0
0
0
0
0
0
0
0
0
0
0
0
0
0
0
0
0
0
0
0
0
0
0
0
0
0
0
0
0
0
0
0
0
0
0
0
0
0
0
0
0
0
0
0
0
0
0
0
0
0
0
0
0
0
0
0
0
0
0
0
0
0
0
0
0
0
0
0
0
0
0
0
0
0
0
0
0
0
0
0
0
0
0
0
0
0
0
0
0
0
0
0
0
0
0
0
0
0
0
0
0
0
0
0
0
0
0
0
0
0
0
0
0
0
0
0
0
0
0
0
0
0
0
0
0
0
0
0
0
0
0
0
0
0
0
0
0
0
0
0
0
0
0
0
0
0
0
0
0
0
0
0
0
0
0
0
0
0
0
0
0
0
0
0
0
0
0
0
0
0
0
0
0
0
0
0
0
0
0
0
0
0
0
0
0
0
0
0
0
0
0
0
0
0
0
0
0
0
0
0
0
0
0
0
0
0
0
0
0
0
0
0
0
0
0
0
0
0
0
0
0
0
0
0
0
0
0
0
0
0
0
0
0
0
0
0
0
0
0
0
0
0
-2.88E-06
-1.48E-05
-3.60E-05
-6.65E-05
-0.000106141
-0.000154988
-0.000213001
-0.000280157
-0.000356432
-0.000441804
-0.00053625
-0.000639746
-0.000752269
-0.000873797
-0.001004305
-0.001143771
-0.001292171
-0.001449483
-0.001615683
-0.001790749
-0.001974656
-0.002167382
-0.002368903
-0.002579197
-0.00279824
-0.00302601
-0.003262482
-0.003507635
-0.003761443
-0.004023886
-0.004294939
-0.004574579
-0.004862783
-0.005159528
-0.00546479
-0.005778548
-0.006100776
-0.006431453
-0.006770555
-0.007118059
-0.007473942
-0.00783818
-0.008210751
-0.008591631
-0.008980797
-0.009378227
-0.009783896
-0.010197782
-0.010619861
-0.011050111
-0.011488507
-0.011935028
-0.01238965
-0.01285235
-0.013323104
-0.01380189
-0.014288684
-0.014783462
-0.015286203
-0.015796883
-0.016315478
-0.016841966
-0.017376323
-0.017918527
-0.018468553
-0.019026379
-0.019591982
-0.020165339
-0.020746425
-0.021335219
-0.021931697
-0.022535836
-0.023147613
-0.023767004
-0.024393987
-0.025028538
-0.025670634
-0.026320252
-0.026977369
-0.027641962
-0.028314007
-0.028993481
-0.029680362
-0.030374625
-0.031076249
-0.031785209
-0.032501483
-0.033225047
-0.033955878
-0.034693953
-0.03543925
-0.036191744
-0.036951412
-0.037718232
-0.038492181
-0.039273234
-0.04006137
-0.040856564
-0.041658794
-0.042468036
-0.043284268
-0.044107466
-0.044937607
-0.045774668
-0.046618626
-0.047469457
-0.048327138
-0.049191647
-0.05006296
-0.050941054
-0.051825905
-0.052717491
-0.053615789
-0.054520775
-0.055432426
-0.056350719
-0.057275631
-0.058207138
-0.059145218
-0.060089848
-0.061041003
-0.061998662
-0.0629628
-0.063933395
-0.064910424
-0.065893863
-0.06688369
-0.06787988
-0.068882412
-0.069891261
-0.070906405
-0.07192782
-0.072955484
-0.073989373
-0.075029463
-0.076075733
-0.077128158
-0.078186716
-0.079251383
-0.080322136
-0.081398953
-0.082481809
-0.083570682
-0.084665549
-0.085766386
-0.08687317
-0.087985878
-0.089104488
-0.090228975
-0.091359317
-0.09249549
-0.093637471
-0.094785238
-0.095938767
-0.097098034
-0.098263017
-0.099433693
-0.100610038
-0.10179203
-0.102979644
-0.104172858
-0.105371649
-0.106575994
-0.107785869
-0.109001251
-0.110222118
-0.111448445
-0.11268021
-0.11391739
-0.115159961
-0.116407901
-0.117661186
-0.118919793
-0.120183698
-0.12145288
-0.122727314
-0.124006977
-0.125291846
-0.126581899
-0.127877111
-0.129177461
-0.130482923
-0.131793477
-0.133109097
-0.134429762
-0.135755447
-0.137086131
-0.138421789
-0.139762399
-0.141107936
-0.14245838
-0.143813705
-0.145173889
-0.146538908
-0.147908741
-0.149283362
-0.15066275
-0.152046881
-0.153435732
-0.154829279
-0.156227501
-0.157630372
-0.159037871
-0.160449974
-0.161866658
-0.1632879
-0.164713677
-0.166143965
-0.167578741
-0.169017983
-0.170461666
-0.171909769
-0.173362267
-0.174819138
-0.176280358
-0.177745904
-0.179215754
-0.180689883
-0.182168269
-0.183650889
-0.185137719
-0.186628737
-0.188123919
-0.189623241
-0.191126682
-0.192634217
-0.194145824
-0.195661479
-0.197181159
-0.198704841
-0.200232502
-0.201764119
-0.203299669
-0.204839128
-0.206382473
-0.207929681
-0.209480729
-0.211035594
-0.212594253
-0.214156682
-0.215722858
-0.217292759
-0.21886636
-0.220443639
-0.222024573
-0.223609139
-0.225197313
-0.226789072
-0.228384393
-0.229983253
-0.231585629
-0.233191497
-0.234800835
-0.236413619
-0.238029826
-0.239649433
-0.241272417
-0.242898755
-0.244528423
-0.246161398
-0.247797658
-0.249437178
-0.251079936
-0.252725909
-0.254375074
-0.256027407
-0.257682885
-0.259341485
-0.261003184
-0.262667959
-0.264335787
-0.266006644
-0.267680507
-0.269357353
-0.271037159
-0.272719902
-0.274405559
-0.276094106
-0.277785521
-0.279479779
-0.281176859
-0.282876736
-0.284579389
-0.286284792
-0.287992925
-0.289703762
-0.291417281
-0.29313346
-0.294852274
-0.296573701
-0.298297717
-0.300024299
-0.301753425
-0.30348507
-0.305219213
-0.306955829
-0.308694895
-0.310436389
-0.312180287
-0.313926566
-0.315675203
-0.317426175
-0.319179458
-0.320935029
-0.322692866
-0.324452945
-0.326215243
-0.327979737
-0.329746403
-0.331515218
-0.33328616
-0.335059205
-0.33683433
-0.338611512
-0.340390728
-0.342171954
-0.343955167
-0.345740345
-0.347527463
-0.3493165
-0.351107431
-0.352900234
-0.354694885
-0.356491361
-0.35828964
-0.360089697
-0.361891511
-0.363695057
-0.365500312
-0.367307253
-0.369115858
-0.370926103
-0.372737964
-0.37455142
-0.376366445
-0.378183019
-0.380001116
-0.381820714
-0.38364179
-0.385464321
-0.387288284
-0.389113655
-0.390940411
-0.39276853
-0.394597987
-0.39642876
-0.398260826
-0.400094161
-0.401928742
-0.403764547
-0.405601551
-0.407439733
-0.409279068
-0.411119534
-0.412961107
-0.414803764
-0.416647482
-0.418492238
-0.420338009
-0.422184772
-0.424032503
-0.425881179
-0.427730777
-0.429581275
-0.431432648
-0.433284873
-0.435137929
-0.43699179
-0.438846435
-0.440701839
-0.442557981
-0.444414836
-0.446272382
-0.448130595
-0.449989452
-0.451848931
-0.453709007
-0.455569658
-0.457430861
-0.459292592
-0.461154829
-0.463017547
-0.464880724
-0.466744338
-0.468608364
-0.470472779
-0.472337561
-0.474202686
-0.476068131
-0.477933873
-0.479799888
-0.481666154
-0.483532648
-0.485399345
-0.487266224
-0.489133261
-0.491000432
-0.492867715
-0.494735086
-0.496602523
-0.498470002
-0.5003375
-0.502204994
-0.50407246
-0.505939876
-0.507807218
-0.509674463
-0.511541589
-0.513408571
-0.515275387
-0.517142013
-0.519008427
-0.520874606
-0.522740525
-0.524606162
-0.526471494
-0.528336497
-0.530201149
-0.532065427
-0.533929306
-0.535792765
-0.537655779
-0.539518326
-0.541380382
-0.543241925
-0.545102931
-0.546963377
-0.54882324
-0.550682497
-0.552541124
-0.554399098
-0.556256397
-0.558112997
-0.559968875
-0.561824008
-0.563678372
-0.565531945
-0.567384703
-0.569236623
-0.571087682
-0.572937857
-0.574787125
-0.576635462
-0.578482846
-0.580329252
-0.582174659
-0.584019043
-0.58586238
-0.587704648
-0.589545824
-0.591385884
-0.593224804
-0.595062563
-0.596899137
-0.598734502
-0.600568636
-0.602401515
-0.604233116
-0.606063416
-0.607892392
-0.609720021
-0.611546279
-0.613371143
-0.615194591
-0.617016599
-0.618837144
-0.620656202
-0.622473751
-0.624289768
-0.626104229
-0.62791711
-0.62972839
-0.631538045
-0.633346051
-0.635152386
-0.636957026
-0.638759948
-0.64056113
-0.642360547
-0.644158177
-0.645953996
-0.647747982
-0.649540111
-0.65133036
-0.653118706
-0.654905125
-0.656689596
-0.658472093
-0.660252595
-0.662031079
-0.66380752
-0.665581896
-0.667354183
-0.669124359
-0.670892401
-0.672658284
-0.674421987
-0.676183485
-0.677942756
-0.679699777
-0.681454524
-0.683206975
-0.684957105
-0.686704892
-0.688450313
-0.690193345
-0.691933964
-0.693672148
-0.695407872
-0.697141115
-0.698871852
-0.700600061
-0.702325719
-0.704048802
-0.705769287
-0.707487151
-0.709202371
-0.710914924
-0.712624786
-0.714331935
-0.716036347
-0.717737999
-0.719436867
-0.72113293
-0.722826163
-0.724516544
-0.726204049
-0.727888656
-0.72957034
-0.731249079
-0.73292485
-0.734597629
-0.736267393
-0.73793412
-0.739597786
-0.741258368
-0.742915842
-0.744570186
-0.746221376
-0.74786939
-0.749514204
-0.751155795
-0.752794139
-0.754429214
-0.756060997
-0.757689464
-0.759314592
-0.760936358
-0.762554739
-0.764169711
-0.765781252
-0.767389339
-0.768993947
-0.770595055
-0.772192639
-0.773786675
-0.775377141
-0.776964013
-0.778547269
-0.780126885
-0.781702837
-0.783275104
-0.784843661
-0.786408485
-0.787969554
-0.789526844
-0.791080332
-0.792629995
-0.79417581
-0.795717753
-0.797255801
-0.798789932
-0.800320122
-0.801846348
-0.803368586
-0.804886814
-0.806401009
-0.807911146
-0.809417204
-0.810919159
-0.812416988
-0.813910667
-0.815400174
-0.816885485
-0.818366577
-0.819843427
-0.821316012
-0.822784309
-0.824248294
-0.825707945
-0.827163238
-0.82861415
-0.830060658
-0.831502739
-0.832940369
-0.834373526
-0.835802186
-0.837226326
-0.838645923
-0.840060954
-0.841471396
-0.842877225
-0.844278418
-0.845674953
-0.847066806
-0.848453953
-0.849836372
-0.85121404
-0.852586933
-0.853955029
-0.855318303
-0.856676734
-0.858030297
-0.85937897
-0.860722729
-0.862061552
-0.863395414
-0.864724294
-0.866048167
-0.867367012
-0.868680803
-0.869989519
-0.871293137
-0.872591632
-0.873884982
-0.875173164
-0.876456154
-0.87773393
-0.879006468
-0.880273745
-0.881535738
-0.882792424
-0.88404378
-0.885289781
-0.886530407
-0.887765632
-0.888995434
-0.890219791
-0.891438678
-0.892652072
-0.893859951
-0.895062291
-0.896259069
-0.897450262
-0.898635846
-0.899815799
-0.900990098
-0.902158719
-0.903321639
-0.904478835
-0.905630284
-0.906775962
-0.907915847
-0.909049915
-0.910178143
-0.911300508
-0.912416988
-0.913527557
-0.914632195
-0.915730876
-0.916823579
-0.91791028
-0.918990956
-0.920065584
-0.92113414
-0.922196602
-0.923252945
-0.924303148
-0.925347187
-0.926385039
-0.927416681
-0.928442088
-0.92946124
-0.930474111
-0.931480679
-0.932480922
-0.933474814
-0.934462335
-0.93544346
-0.936418166
-0.93738643
-0.938348229
-0.93930354
-0.940252339
-0.941194604
-0.942130311
-0.943059437
-0.943981959
-0.944897854
-0.945807099
-0.94670967
-0.947605545
-0.948494699
-0.949377111
-0.950252756
-0.951121612
-0.951983656
-0.952838864
-0.953687214
-0.954528681
-0.955363244
-0.956190878
-0.95701156
-0.957825269
-0.958631979
-0.959431669
-0.960224314
-0.961009893
-0.961788381
-0.962559755
-0.963323993
-0.964081071
-0.964830966
-0.965573655
-0.966309115
-0.967037322
-0.967758254
-0.968471887
-0.969178198
-0.969877164
-0.970568761
-0.971252968
-0.971929759
-0.972599113
-0.973261007
-0.973915416
-0.974562318
-0.975201689
-0.975833508
-0.976457749
-0.977074391
-0.97768341
-0.978284782
-0.978878486
-0.979464497
-0.980042792
-0.980613349
-0.981176143
-0.981731153
-0.982278354
-0.982817724
-0.98334924
-0.983872878
-0.984388615
-0.984896428
-0.985396293
-0.985888189
-0.986372091
-0.986847976
-0.987315822
-0.987775604
-0.988227301
-0.988670888
-0.989106343
-0.989533642
-0.989952763
-0.990363681
-0.990766375
-0.99116082
-0.991546994
-0.991924873
-0.992294435
-0.992655656
-0.993008513
-0.993352983
-0.993689042
-0.994016668
-0.994335838
-0.994646527
-0.994948714
-0.995242374
-0.995527486
-0.995804024
-0.996071968
-0.996331292
-0.996581975
-0.996823993
-0.997057322
-0.99728194
-0.997497824
-0.99770495
-0.997903295
-0.998092836
-0.99827355
-0.998445413
-0.998608403
-0.998762497
-0.998907671
-0.999043902
-0.999171166
-0.999289442
-0.999398705
-0.999498933
-0.999590101
-0.999672188
-0.99974517
-0.999809024
-0.999863726
-0.999909254
-0.999945584
-0.999972694
-0.999990559
-0.999999158
-1
-1
-1
-1
-1
-1
-1
-1
-1
-1
-1
-1
-1
-1
-1
-1
-1
-1
-1
-1
-1
-1
-1
-1
-1
-1
-1
-1
-1
-1
-1
-1
-1
-1
-1
-1
-1
-1
-1
-1
-1
-1
-1
-1
-1
-1
-1
-1
-1
-1
-1
-1
-1
-1
-1
-1
-1
-1
-1
-1
-1
-1
-1
-1
-1
-1
-1
-1
-1
-1
-1
-1
-1
-1
-1
-1
-1
-1
-1
-1
-1
-1
-1
-1
-1
-1
-1
-1
-1
-1
-1
-1
-1
-1
-1
-1
-1
-1
-1
-1
-1
-1
-1
-1
-1
-1
-1
-1
-1
-1
-1
-1
-1
-1
-1
-1
-1
-1
-1
-1
-1
-1
-1
-1
-1
-1
-1
-1
-1
-1
-1
-1
-1
-1
-1
-1
-1
-1
-1
-1
-1
-1
-1
-1
-1
-1
-1
-1
-1
-1
-1
-1
-1
-1
-1
-1
-1
-1
-1
-1
-1
-1
-1
-1
-1
-1
-1
-1
-1
-1
-1
-1
-1
-1
-1
-1
-1
-1
-1
-1
-1
-1
-1
-1
-1
-1
-1
-1
-1
-1
-1
-1
-1
-1
-1
-1
-1
-1
-1
-1
-1
-1
-1
-1
-1
-1
-1
-1
-1
-1
-1
-1
-1
-1
-1
-1
-1
-1
-1
-1
-1
-1
-1
-1
-1
-1
-1
-1
-1
-1
-1
-1
-1
-1
-1
-1
-1
-1
-1
-1
-1
-1
-1
-1
-1
-1
-1
-1
-1
-1
-1
-1
-1
-1
-1
-1
-1
-1
-1
-1
-1
-1
-1
-1
-1
-1
-1
-1
-1
-1
-1
-1
-1
-1
-1
-1
-1
-1
-1
-1
-1
-1
-1
-1
-1
-1
-1
-1
-1
-1
-1
-1
-1
-1
-1
-1
-1
-1
-1
-1
-1
-1
-1
-1
-1
-1
-1
-1
-1
-1
-1
-1
-1
-1
-1
-1
-1
-1
-1
-1
-1
-1
-1
-1
-1
-1
-1
-1
-1
-1
-1
-1
-1
-1
-1
-1
-1
-1
-1
-1
-1
-1
-1
-1
-1
-1
-1
-1
-1
-1
-1
-1
-1
-1
-1
-1
-1
-1
-1
-1
-1
-1
-1
-1
-1
-1
-1
-1
-1
-1
-1
-1
-1
-1
-1
-1
-1
-1
-1
-1
-1
-1
-1
-1
-1
-1
-1
-1
-1
-1
-1
-1
-1
-1
-1
-1
-1
-1
-1
-1
-1
-1
-1
-1
-1
-1
-1
-1
-1
-1
-1
-1
-1
-1
-1
-1
-1
-1
-1
-1
-1
-1
-1
-1
-1
-1
-1
-1
-1
-1
-1
-1
-1
-1
-1
-1
-1
-1
-1
-1
-1
-1
-1
-1
-1
-1
-1
-1
-1
-1
-1
-1
-1
-1
-1
-1
-1
-1
-1
-1
-1
-1
-1
-1
-1
-1
-1
-1
-1
-1
-1
-1
-1
-1
-1
-1
-1
-1
-1
-1
-1
-1
-1
-1
-1
-1
-1
-1
-1
-1
-1
-1
-1
-1
-1
-1
-1
-1
-1
-1
-1
-1
-1
-1
-1
-1
-1
-1
-1
-1
-1
-1
-1
-1
-1
-1
-1
-1
-1
-1
-1
-1
-1
-1
-1
-1
-1
-1
-1
-1
-1
-1
-1
-1
-1
-1
-1
-1
-1
-1
-1
-1
-1
-1
-1
-1
-1
-1
-1
-1
-1
-1
-1
-1
-1
-1
-1
-1
-1
-1
-1
-1
-1
-1
-1
-1
-1
-1
-1
-1
-1
-1
-1
-1
-1
-1
-1
-1
-1
-1
-1
-1
-1
-1
-1
-1
-1
-1
-1
-1
-1
-1
-1
-1
-1
-1
-1
-1
-1
-1
-1
-1
-1
-1
-1
-1
-1
-1
-1
-1
-1
-1
-1
-1
-1
-1
-1
-1
-1
-1
-1
-1
-1
-1
-1
-1
-1
-1
-1
-1
-1
-1
-1
-1
-1
-1
-1
-1
-1
-1
-1
-1
-1
-1
-1
-1
-1
-1
-1
-1
-1
-1
-1
-1
-1
-1
-1
-1
-1
-1
-1
-1
-1
-1
-1
-1
-1
-1
-1
-1
-1
-1
-1
-1
-1
-1
-1
-1
-1
-1
-1
-1
-1
-1
-1
-1
-1
-1
-1
-1
-1
-1
-1
-1
-1
-1
-1
-1
-1
-1
-1
-1
-1
-1
-1
-1
-1
-1
-1
-1
-1
-1
-1
-1
-1
-1
-1
-1
-1
-1
-1
-1
-1
-1
-1
-1
-1
-1
-1
-1
-1
-1
-1
-1
-1
-1
-1
-1
-1
-1
-1
-1
-1
-1
-1
-1
-1
-1
-1
-1
-1
-1
-1
-1
-1
-1
-1
-1
-1
-1
-1
-1
-1
-1
-1
-1
-1
-1
-1
-1
-1
-1
-1
-1
-1
-1
-1
-1
-1
-1
-1
-1
-1
-1
-1
-1
-1
-1
-1
-1
-1
-1
-1
-1
-1
-1
-1
-1
-1
-1
-1
-1
-1
-1
-1
-1
-1
-1
-1
-1
-1
-1
-1
-1
-1
-1
-1
-1
-1
-1
-1
-1
-1
-1
-1
-1
-1
-1
-1
-1
-1
-1
-1
-1
-1
-1
-1
-1
-1
-1
-1
-1
-1
-1
-1
-1
-1
-1
-1
-1
-1
-1
-1
-1
-1
-1
-1
-1
-1
-1
-1
-1
-1
-1
-1
-1
-1
-1
-1
-1
-1
-1
-1
-1
-1
-1
-1
-1
-1
-1
-1
-1
-1
-1
-1
-1
-1
-1
-1
-1
-1
-1
-1
-1
-1
-1
-1
-1
-1
-1
-1
-1
-1
-1
-1
-1
-1
-1
-1
-1
-1
-1
-1
-1
-1
-1
-1
-1
-1
-1
-1
-1
-1
-1
-1
-1
-1
-1
-1
-1
-1
-1
-1
-1
-1
-1
-1
-1
-1
-1
-1
-1
-1
-1
-1
-1
-1
-1
-1
-1
-1
-1
-1
-1
-1
-1
-1
-1
-1
-1
-1
-1
-1
-1
-1
-1
-1
-1
-1
-1
-1
-1
-1
-1
-1
-1
-1
-1
-1
-1
-1
-1
-1
-1
-1
-1
-1
-1
-1
-1
-1
-1
-1
-1
-1
-1
-1
-1
-1
-1
-1
-1
-1
-1
-1
-1
-1
-1
-1
-1
-1
-1
-1
-1
-1
-1
-1
-1
-1
-1
-1
-1
-1
-1
-1
-1
-1
-1
-1
-1
-1
-1
-1
-1
-1
-1
-1
-1
-1
-1
-1
-1
-1
-1
-1
-1
-1
-1
-1
-1
-1
-1
-1
-1
-1
-1
-1
-1
-1
-1
-1
-1
-1
-1
-1
-1
-1
-1
-1
-1
-1
-1
-1
-1
-1
-1
-1
-1
-1
-1
-1
-1
-1
-1
-1
-1
-1
-1
-1
-1
-1
-1
-1
-1
-1
-1
-1
-1
-1
-1
-1
-1
-1
-1
-1
-1
-1
-1
-1
-1
-1
-1
-1
-1
-1
-1
-1
-1
-1
-1
-1
-1
-1
-1
-1
-1
-1
-1
-1
-1
-1
-1
-1
-1
-1
-1
-1
-1
-1
-1
-1
-1
-1
-1
-1
-1
-1
-1
-1
-1
-1
-1
-1
-1
-1
-1
-1
-1
-1
-1
-1
-1
-1
-1
-1
-1
-1
-1
-1
-1
-1
-1
-1
-1
-1
-1
-1
-1
-1
-1
-1
-1
-1
-1
-1
-1
-1
-1
-1
-1
-1
-1
-1
-1
-1
-1
-1
-1
-0.999997121
-0.99998517
-0.999963961
-0.999933516
-0.999893859
-0.999845012
-0.999786999
-0.999719843
-0.999643568
-0.999558196
-0.99946375
-0.999360254
-0.999247731
-0.999126203
-0.998995695
-0.998856229
-0.998707829
-0.998550517
-0.998384317
-0.998209251
-0.998025344
-0.997832618
-0.997631097
-0.997420803
-0.99720176
-0.99697399
-0.996737518
-0.996492365
-0.996238557
-0.995976114
-0.995705061
-0.995425421
-0.995137217
-0.994840472
-0.99453521
-0.994221452
-0.993899224
-0.993568547
-0.993229445
-0.992881941
-0.992526058
-0.99216182
-0.991789249
-0.991408369
-0.991019203
-0.990621773
-0.990216104
-0.989802218
-0.989380139
-0.988949889
-0.988511493
-0.988064972
-0.98761035
-0.98714765
-0.986676896
-0.98619811
-0.985711316
-0.985216538
-0.984713797
-0.984203117
-0.983684522
-0.983158034
-0.982623677
-0.982081473
-0.981531447
-0.980973621
-0.980408018
-0.979834661
-0.979253575
-0.978664781
-0.978068303
-0.977464164
-0.976852387
-0.976232996
-0.975606013
-0.974971462
-0.974329366
-0.973679748
-0.973022631
-0.972358038
-0.971685993
-0.971006519
-0.970319638
-0.969625375
-0.968923751
-0.968214791
-0.967498517
-0.966774953
-0.966044122
-0.965306047
-0.96456075
-0.963808256
-0.963048588
-0.962281768
-0.961507819
-0.960726766
-0.95993863
-0.959143436
-0.958341206
-0.957531964
-0.956715732
-0.955892534
-0.955062393
-0.954225332
-0.953381374
-0.952530543
-0.951672862
-0.950808353
-0.94993704
-0.949058946
-0.948174095
-0.947282509
-0.946384211
-0.945479225
-0.944567574
-0.943649281
-0.942724369
-0.941792862
-0.940854782
-0.939910152
-0.938958997
-0.938001338
-0.9370372
-0.936066605
-0.935089576
-0.934106137
-0.93311631
-0.93212012
-0.931117588
-0.930108739
-0.929093595
-0.92807218
-0.927044516
-0.926010627
-0.924970537
-0.923924267
-0.922871842
-0.921813284
-0.920748617
-0.919677864
-0.918601047
-0.917518191
-0.916429318
-0.915334451
-0.914233614
-0.91312683
-0.912014122
-0.910895512
-0.909771025
-0.908640683
-0.90750451
-0.906362529
-0.905214762
-0.904061233
-0.902901966
-0.901736983
-0.900566307
-0.899389962
-0.89820797
-0.897020356
-0.895827142
-0.894628351
-0.893424006
-0.892214131
-0.890998749
-0.889777882
-0.888551555
-0.88731979
-0.88608261
-0.884840039
-0.883592099
-0.882338814
-0.881080207
-0.879816302
-0.87854712
-0.877272686
-0.875993023
-0.874708154
-0.873418101
-0.872122889
-0.870822539
-0.869517077
-0.868206523
-0.866890903
-0.865570238
-0.864244553
-0.862913869
-0.861578211
-0.860237601
-0.858892064
-0.85754162
-0.856186295
-0.854826111
-0.853461092
-0.852091259
-0.850716638
-0.84933725
-0.847953119
-0.846564268
-0.845170721
-0.843772499
-0.842369628
-0.840962129
-0.839550026
-0.838133342
-0.8367121
-0.835286323
-0.833856035
-0.832421259
-0.830982017
-0.829538334
-0.828090231
-0.826637733
-0.825180862
-0.823719642
-0.822254096
-0.820784246
-0.819310117
-0.817831731
-0.816349111
-0.814862281
-0.813371263
-0.811876081
-0.810376759
-0.808873318
-0.807365783
-0.805854176
-0.804338521
-0.802818841
-0.801295159
-0.799767498
-0.798235881
-0.796700331
-0.795160872
-0.793617527
-0.792070319
-0.790519271
-0.788964406
-0.787405747
-0.785843318
-0.784277142
-0.782707241
-0.78113364
-0.779556361
-0.777975427
-0.776390861
-0.774802687
-0.773210928
-0.771615607
-0.770016747
-0.768414371
-0.766808503
-0.765199165
-0.763586381
-0.761970174
-0.760350567
-0.758727583
-0.757101245
-0.755471577
-0.753838602
-0.752202342
-0.750562822
-0.748920064
-0.747274091
-0.745624926
-0.743972593
-0.742317115
-0.740658515
-0.738996816
-0.737332041
-0.735664213
-0.733993356
-0.732319493
-0.730642647
-0.728962841
-0.727280098
-0.725594441
-0.723905894
-0.722214479
-0.720520221
-0.718823141
-0.717123264
-0.715420611
-0.713715208
-0.712007075
-0.710296238
-0.708582719
-0.70686654
-0.705147726
-0.703426299
-0.701702283
-0.699975701
-0.698246575
-0.69651493
-0.694780787
-0.693044171
-0.691305105
-0.689563611
-0.687819713
-0.686073434
-0.684324797
-0.682573825
-0.680820542
-0.679064971
-0.677307134
-0.675547055
-0.673784757
-0.672020263
-0.670253597
-0.668484782
-0.66671384
-0.664940795
-0.66316567
-0.661388488
-0.659609272
-0.657828046
-0.656044833
-0.654259655
-0.652472537
-0.6506835
-0.648892569
-0.647099766
-0.645305115
-0.643508639
-0.64171036
-0.639910303
-0.638108489
-0.636304943
-0.634499688
-0.632692747
-0.630884142
-0.629073897
-0.627262036
-0.62544858
-0.623633555
-0.621816981
-0.619998884
-0.618179286
-0.61635821
-0.614535679
-0.612711716
-0.610886345
-0.609059589
-0.60723147
-0.605402013
-0.60357124
-0.601739174
-0.599905839
-0.598071258
-0.596235453
-0.594398449
-0.592560267
-0.590720932
-0.588880466
-0.587038893
-0.585196236
-0.583352518
-0.581507762
-0.579661991
-0.577815228
-0.575967497
-0.574118821
-0.572269223
-0.570418725
-0.568567352
-0.566715127
-0.564862071
-0.56300821
-0.561153565
-0.559298161
-0.557442019
-0.555585164
-0.553727618
-0.551869405
-0.550010548
-0.548151069
-0.546290993
-0.544430342
-0.542569139
-0.540707408
-0.538845171
-0.536982453
-0.535119276
-0.533255662
-0.531391636
-0.529527221
-0.527662439
-0.525797314
-0.523931869
-0.522066127
-0.520200112
-0.518333846
-0.516467352
-0.514600655
-0.512733776
-0.510866739
-0.508999568
-0.507132285
-0.505264914
-0.503397477
-0.501529998
-0.4996625
-0.497795006
-0.49592754
-0.494060124
-0.492192782
-0.490325537
-0.488458411
-0.486591429
-0.484724613
-0.482857987
-0.480991573
-0.479125394
-0.477259475
-0.475393838
-0.473528506
-0.471663503
-0.469798851
-0.467934573
-0.466070694
-0.464207235
-0.462344221
-0.460481674
-0.458619618
-0.456758075
-0.454897069
-0.453036623
-0.45117676
-0.449317503
-0.447458876
-0.445600902
-0.443743603
-0.441887003
-0.440031125
-0.438175992
-0.436321628
-0.434468055
-0.432615297
-0.430763377
-0.428912318
-0.427062143
-0.425212875
-0.423364538
-0.421517154
-0.419670748
-0.417825341
-0.415980957
-0.41413762
-0.412295352
-0.410454176
-0.408614116
-0.406775196
-0.404937437
-0.403100863
-0.401265498
-0.399431364
-0.397598485
-0.395766884
-0.393936584
-0.392107608
-0.390279979
-0.388453721
-0.386628857
-0.384805409
-0.382983401
-0.381162856
-0.379343798
-0.377526249
-0.375710232
-0.373895771
-0.37208289
-0.37027161
-0.368461955
-0.366653949
-0.364847614
-0.363042974
-0.361240052
-0.35943887
-0.357639453
-0.355841823
-0.354046004
-0.352252018
-0.350459889
-0.34866964
-0.346881294
-0.345094875
-0.343310404
-0.341527907
-0.339747405
-0.337968921
-0.33619248
-0.334418104
-0.332645817
-0.330875641
-0.329107599
-0.327341716
-0.325578013
-0.323816515
-0.322057244
-0.320300223
-0.318545476
-0.316793025
-0.315042895
-0.313295108
-0.311549687
-0.309806655
-0.308066036
-0.306327852
-0.304592128
-0.302858885
-0.301128148
-0.299399939
-0.297674281
-0.295951198
-0.294230713
-0.292512849
-0.290797629
-0.289085076
-0.287375214
-0.285668065
-0.283963653
-0.282262001
-0.280563133
-0.27886707
-0.277173837
-0.275483456
-0.273795951
-0.272111344
-0.27042966
-0.268750921
-0.26707515
-0.265402371
-0.263732607
-0.26206588
-0.260402214
-0.258741632
-0.257084158
-0.255429814
-0.253778624
-0.25213061
-0.250485796
-0.248844205
-0.247205861
-0.245570786
-0.243939003
-0.242310536
-0.240685408
-0.239063642
-0.237445261
-0.235830289
-0.234218748
-0.232610661
-0.231006053
-0.229404945
-0.227807361
-0.226213325
-0.224622859
-0.223035987
-0.221452731
-0.219873115
-0.218297163
-0.216724896
-0.215156339
-0.213591515
-0.212030446
-0.210473156
-0.208919668
-0.207370005
-0.20582419
-0.204282247
-0.202744199
-0.201210068
-0.199679878
-0.198153652
-0.196631414
-0.195113186
-0.193598991
-0.192088854
-0.190582796
-0.189080841
-0.187583012
-0.186089333
-0.184599826
-0.183114515
-0.181633423
-0.180156573
-0.178683988
-0.177215691
-0.175751706
-0.174292055
-0.172836762
-0.17138585
-0.169939342
-0.168497261
-0.167059631
-0.165626474
-0.164197814
-0.162773674
-0.161354077
-0.159939046
-0.158528604
-0.157122775
-0.155721582
-0.154325047
-0.152933194
-0.151546047
-0.150163628
-0.14878596
-0.147413067
-0.146044971
-0.144681697
-0.143323266
-0.141969703
-0.14062103
-0.139277271
-0.137938448
-0.136604586
-0.135275706
-0.133951833
-0.132632988
-0.131319197
-0.130010481
-0.128706863
-0.127408368
-0.126115018
-0.124826836
-0.123543846
-0.12226607
-0.120993532
-0.119726255
-0.118464262
-0.117207576
-0.11595622
-0.114710219
-0.113469593
-0.112234368
-0.111004566
-0.109780209
-0.108561322
-0.107347928
-0.106140049
-0.104937709
-0.103740931
-0.102549738
-0.101364154
-0.100184201
-0.099009902
-0.097841281
-0.096678361
-0.095521165
-0.094369716
-0.093224038
-0.092084153
-0.090950085
-0.089821857
-0.088699492
-0.087583012
-0.086472443
-0.085367805
-0.084269124
-0.083176421
-0.08208972
-0.081009044
-0.079934416
-0.07886586
-0.077803398
-0.076747055
-0.075696852
-0.074652813
-0.073614961
-0.072583319
-0.071557912
-0.07053876
-0.069525889
-0.068519321
-0.067519078
-0.066525186
-0.065537665
-0.06455654
-0.063581834
-0.06261357
-0.061651771
-0.06069646
-0.059747661
-0.058805396
-0.057869689
-0.056940563
-0.056018041
-0.055102146
-0.054192901
-0.05329033
-0.052394455
-0.051505301
-0.050622889
-0.049747244
-0.048878388
-0.048016344
-0.047161136
-0.046312786
-0.045471319
-0.044636756
-0.043809122
-0.04298844
-0.042174731
-0.041368021
-0.040568331
-0.039775686
-0.038990107
-0.038211619
-0.037440245
-0.036676007
-0.035918929
-0.035169034
-0.034426345
-0.033690885
-0.032962678
-0.032241746
-0.031528113
-0.030821802
-0.030122836
-0.029431239
-0.028747032
-0.028070241
-0.027400887
-0.026738993
-0.026084584
-0.025437682
-0.024798311
-0.024166492
-0.023542251
-0.022925609
-0.02231659
-0.021715218
-0.021121514
-0.020535503
-0.019957208
-0.019386651
-0.018823857
-0.018268847
-0.017721646
-0.017182276
-0.01665076
-0.016127122
-0.015611385
-0.015103572
-0.014603707
-0.014111811
-0.013627909
-0.013152024
-0.012684178
-0.012224396
-0.011772699
-0.011329112
-0.010893657
-0.010466358
-0.010047237
-0.009636319
-0.009233625
-0.00883918
-0.008453006
-0.008075127
-0.007705565
-0.007344344
-0.006991487
-0.006647017
-0.006310958
-0.005983332
-0.005664162
-0.005353473
-0.005051286
-0.004757626
-0.004472514
-0.004195976
-0.003928032
-0.003668708
-0.003418025
-0.003176007
-0.002942678
-0.00271806
-0.002502176
-0.00229505
-0.002096705
-0.001907164
-0.00172645
-0.001554587
-0.001391597
-0.001237503
-0.001092329
-0.000956098
-0.000828834
-0.000710558
-0.000601295
-0.000501067
-0.000409899
-0.000327812
-0.00025483
-0.000190976
-0.000136274
-9.07E-05
-5.44E-05
-2.73E-05
-9.44E-06
-8.42E-07
0
0
0
0
0
0
0
0
0
0
0
0
0
0
0
0
0
0
0
0
0
0
0
0
0
0
0
0
0
0
0
0
0
0
0
0
0
0
0
0
0
0
0
0
0
0
0
0
0
0
0
0
0
0
0
0
0
0
0
0
0
0
0
0
0
0
0
0
0
0
0
0
0
0
0
0
0
0
0
0
0
0
0
0
0
0
0
0
0
0
0
0
0
0
0
0
0
0
0
0
0
0
0
0
0
0
0
0
0
0
0
0
0
0
0
0
0
0
0
0
0
0
0
0
0
0
0
0
0
0
0
0
0
0
0
0
0
0
0
0
0
0
0
0
0
0
0
0
0
0
0
0
0
0
0
0
0
0
0
0
0
0
0
0
0
0
0
0
0
0
0
0
0
0
0
0
0
0
0
0
0
0
0
0
0
0
0
0
0
0
0
0
0
0
0
0
0
0
0
0
0
0
0
0
0
0
0
0
0
0
0
0
0
0
0
0
0
0
0
0
0
0
0
0
0
0
0
0
0
0
0
0
0
0
0
0
0
0
0
0
0
0
0
0
0
0
0
0
0
0
0
0
0
0
0
0
0
0
0
0
0
0
0
0
0
0
0
0
0
0
0
0
0
0
0
0
0
0
0
0
0
0
0
0
0
0
0
0
0
0
0
0
0
0
0
0
0
0
0
0
0
0
0
0
0
0
0
0
0
0
0
0
0
0
0
0
0
0
0
0
0
0
0
0
0
0
0
0
0
0
0
0
0
0
0
0
0
0
0
0
0
0
0
0
0
0
0
0
0
0
0
0
0
0
0
0
0
0
0
0
0
0
0
0
0
0
0
0
0
0
0
0
0
0
0
0
0
0
0
0
0
0
0
0
0
0
0
0
0
0
0
0
0
0
0
0
0
0
0
0
0
0
0
0
0
0
0
0
0
0
0
0
0
0
0
0
0
0
0
0
0
0
0
0
0
0
0
0
0
0
0
0
0
0
0
0
0
0
0
0
0
0
0
0
0
0
0
0
0
0
0
0
0
0
0
0
0
0
0
0
0
0
0
0
0
0
0
0
0
0
0
0
0
0
0
0
0
0
0
0
0
0
0
0
0
0
0
0
0
0
0
0
0
0
0
0
0
0
0
0
0
0
0
0
0
0
0
0
0
0
0
0
0
0
0
0
0
0
0
0
0
0
0
0
0
0
0
0
0
0
0
0
0
0
0
0
0
0
0
0
0
0
0
0
0
0
0
0
0
0
0
0
0
0
0
0
0
0
0
0
0
0
0
0
0
0
0
0
0
0
0
0
0
0
0
0
0
0
0
0
0
0
0
0
0
0
0
0
0
0
0
0
0
0
0
0
0
0
0
0
0
0
0
0
0
0
0
0
0
0
0
0
0
0
0
0
0
0
0
0
0
0
0
0
0
0
0
0
0
0
0
0
0
0
0
0
0
0
0
0
0
0
0
0
0
0
0
0
0
0
0
0
0
0
0
0
0
0
0
0
0
0
0
0
0
0
0
0
0
0
0
0
0
0
0
0
0
0
0
0
0
0
0
0
0
0
0
0
0
0
0
0
0
0
0
0
0
0
0
0
0
0
0
0
0
0
0
0
0
0
0
0
0
0
0
0
0
0
0
0
0
0
0
0
0
0
0
0
0
0
0
0
0
0
0
0
0
0
0
0
0
0
0
0
0
0
0
0
0
0
0
0
0
0
0
0
0
0
0
0
0
0
0
0
0
0
0
0
0
0
0
0
0
0
0
0
0
0
0
0
0
0
0
0
0
0
0
0
0
0
0
0
0
0
0
0
0
0
0
0
0
0
0
0
0
0
0
0
0
0
0
0
0
0
0
0
0
0
0
0
0
0
0
0
0
0
0
0
0
0
0
0
0
0
0
0
0
0
0
0
0
0
0
0
0
0
0
0
0
0
0
0
0
0
0
0
0
0
0
0
0
0
0
0
0
0
0
0
0
0
0
0
0
0
0
0
0
0
0
0
0
0
0
0
0
0
0
0
0
0
0
0
0
0
0
0
0
0
0
0
0
0
0
0
0
0
0
0
0
0
0
0
0
0
0
0
0
0
0
0
0
0
0
0
0
0
0
0
0
0
0
0
0
0
0
0
0
0
0
0
0
0
0
0
0
0
0
0
0
0
0
0
0
0
0
0
0
0
0
0
0
0
0
0
0
0
0
0
0
0
0
0
0
0
0
0
0
0
0
0
0
0
0
0
0
0
0
0
0
0
0
0
0
0
0
0
0
0
0
0
0
0
0
0
0
0
0
0
0
0
0
0
0
0
0
0
0
0
0
0
0
0
0
0
0
0
0
0
0
0
0
0
0
0
0
0
0
0
0
0
0
0
0
0
0
0
0
0
0
0
0
0
0
0
0
0
0
0
0
0
0
0
0
0
0
0
0
0
0
0
0
0
0
0
0
0
0
0
0
0
0
0
0
0
0
0
0
0
0
0
0
0
0
0
0
0
0
0
0
0
0
0
0
0
0
0
0
0
0
0
0
0
0
0
0
0
0
0
0
0
0
0
0
0
0
0
0
0
0
0
0
0
0
0
0
0
0
0
0
0
0
0
0
0
0
0
0
0
0
0
0
0
0
0
0
0
0
0
0
0
0
0
0
0
0
0
0
0
0
0
0
0
0
0
0
0
0
0
0
0
0
0
0
0
0
0
0
0
0
0
0
0
0
0
0
0
0
0
0
0
0
0
0
0
0
0
0
0
0
0
0
0
0
0
0
0
0
0
0
0
0
0
0
0
0
0
0
0
0
0
0
0
0
0
0
0
0
0
0
0
0
0
0
0
0
0
0
0
0
0
0
0
0
0
0
0
0
0
0
0
0
0
0
0
0
0
0
0
0
0
0
0
0
0
0
0
0
0
0
0
0
0
0
0
0
0
0
0
0
0
0
0
0
0
0
0
0
0
0
0
0
0
0
0
0
0
0
0
0
0
0
0
0
0
0
0
0
0
0
0
0
0
0
0
0
0
0
0
0
0
0
0
0
0
0
0
0
0
0
0
0
0
0
0
0
0
0
0
0
0
0
0
0
0
0
0
0
0
0
0
0
0
0
0
0
0
0
0
0
0
0
0
0
0
0
0
0
0
0
0
0
0
0
0
0
0
0
0
0
0
0
0
0
0
0
0
0
0
0
0
0
0
0
0
0
0
0
0
0
0
0
0
0
0
0
0
0
0
0
0
0
0
0
0
0
0
0
0
0
0
0
0
0
0
0
0
0
0
0
0
0
0
0
0
0
0
0
0
0
0
0
0
0
0
0
0
0
0
0
0
0
0
0
0
0
0
0
0
0
0
0
0
0
0
0
0
0
0
0
0
0
0
0
0
0
0
0
0
0
0
0
0
0
0
0
0
0
0
0
0
0
0
0
0
0
0
0
0
0
0
0
0
0
0
0
0
0
0
0
0
0
0
0
0
0
0
0
0
0
0
0
0
0
0
0
0
0
0
0
0
0
0
0
0
0
0
0
0
0
0
0
0
0
0
0
0
0
0
0
0
0
0
0
0
0
0
0
0
0
0
0
0
0
0
0
0
0
0
0
0
0
0
0
0
0
0
0
0
0
0
0
0
0
0
0
0
0
0
0
0
0
0
0
0
0
0
0
0
0
0
0
0
0
0
0
0
0
0
0
0
0
0
0
0
0
0
0
0
0
0
0
0
0
0
0
0
0
0
0
0
0
0
0
0
0
0
0
0
0
0
0
0
0
0
0
0
0
0
0
0
0
0
0
0
0
0
0
0
0
0
0
0
0
0
0
0
0
0
0
0
0
0
0
0
0
0
0
0
0
0
0
0
0
0
0
0
0
0
0
0
0
0
0
0
0
0
0
0
0
0
0
0
0
0
0
0
0
0
0
0
0
0
0
0
0
0
0
0
0
0
0
0
0
0
0
0
0
0
0
0
0
0
0
0
0
0
0
0
0
0
0
0
0
0
0
0
0
0
0
0
0
0
0
0
0
0
0
0
0
0
0
0
0
0
0
0
0
0
0
0
0
0
0
0
0
0
0
0
0
0
0
0
0
0
0
0
0
0
0
0
0
0
0
0
0
0
0
0
0
0
0
0
0
0
0
0
0
0
0
0
0
0
0
0
0
0
0
0
0
0
0
0
0
0
0
0
0
0
0
0
0
0
0
0
0
0
0
0
0
0
0
0
0
0
0
0
0
0
0
0
0
0
0
0
0
0
0
0
0
0
0
0
0
0
0
0
0
0
0
0
0
0
0
0
0
0
0
0
0
0
0
0
0
0
0
0
0
0
0
0
0
0
0
0
0
0
0
0
0
0
0
0
0
0
0
0
0
0
0
0
0
0
0
0
0
0
0
0
0
0
0
0
0
0
0
0
0
0
0
0
0
0
0
0
0
0
0
0
0
0
0
0
0
0
0
0
0
0
0
0
0
0
0
0
0
0
0
0
0
0
0
0
0
0
0
0
0
0
0
0
0
0
0
0
0
0
0
0
0
0
0
0
0
0
0
0
0
0
0
0
0
0
0
0
0
